-80.42810399546353	37.24599135078051
-80.4248402905526	37.24011576236389
-80.42483595193494	37.24010695998561
-80.42483249699286	37.24009777473429
-80.42482995899935	37.24008829506892
-80.42482836239665	37.24007861228387
-80.42482772256095	37.24006881962964
-80.42482804565418	37.24005901141485
-80.4248293285648	37.24004928209797
-80.42483155893767	37.24003972537765
-80.42483471529307	37.24003043329031
-80.42483876723361	37.240021495323845
-80.42484367573684	37.24001299755575
-80.42484939353123	37.24000502182419
-80.42485586555127	37.239997644939805
-80.42486302946787	37.23999093794604
-80.4248708162886	37.23998496543489
-80.42487915102214	37.23997978492493
-80.43431318632494	37.23473947448033
-80.43432198870322	37.23473513586268
-80.43433117395455	37.2347316809206
-80.43434065361991	37.23472914292709
-80.43435033640496	37.23472754632439
-80.43436012905919	37.23472690648868
-80.43436993727398	37.234727229581914
-80.43437966659086	37.23472851249253
-80.43438922331119	37.2347307428654
-80.43439851539851	37.234733899220814
-80.43440745336498	37.234737951161335
-80.43441595113308	37.23474285966458
-80.43442392686464	37.23474857745896
-80.43443130374902	37.234755049479
-80.43443801074278	37.2347622133956
-80.43444398325393	37.234770000216336
-80.4344491637639	37.234778334949866
-80.43771286867485	37.24065392336649
-80.43771720729251	37.24066272574477
-80.43772066223458	37.24067191099609
-80.43772320022809	37.24068139066146
-80.43772479683079	37.24069107344651
-80.4377254366665	37.24070086610074
-80.43772511357326	37.24071067431553
-80.43772383066265	37.24072040363241
-80.43772160028978	37.24072996035273
-80.43771844393437	37.24073925244007
-80.43771439199384	37.240748190406535
-80.43770948349061	37.24075668817463
-80.43770376569621	37.24076466390619
-80.43769729367618	37.240772040790574
-80.43769012975957	37.24077874778434
-80.43768234293884	37.24078472029549
-80.4376740082053	37.24078990080545
-80.42823997290249	37.246030211250044
-80.42823117052421	37.246034549867694
-80.42822198527288	37.24603800480977
-80.42821250560752	37.246040542803286
-80.42820282282247	37.24604213940598
-80.42819303016825	37.24604277924169
-80.42818322195345	37.24604245614846
-80.42817349263657	37.24604117323784
-80.42816393591625	37.24603894286497
-80.42815464382892	37.24603578650956
-80.42814570586245	37.24603173456904
-80.42813720809436	37.246026826065794
-80.42812923236279	37.246021108271414
-80.42812185547841	37.246014636251374
-80.42811514848465	37.246007472334774
-80.4281091759735	37.245999685514036
-80.43611964447118	37.23899547558022
-80.43601813234261	37.238944226609235
-80.43590424068616	37.238996461137006
-80.43586834005534	37.23899695391533
-80.43573216524871	37.23854458199604
-80.43571112005134	37.23850713060433
-80.43559970430046	37.23816218270065
-80.43557865910306	37.23812473111897
-80.43545981563547	37.2378093486404
-80.4354573397299	37.23776795459212
-80.43533849626229	37.2374259600379
-80.4361778282522	37.239009273374116
-80.43582810658974	37.23952865992272
-80.43582563068415	37.23953161657215
-80.43539420413772	37.24010372605346
-80.43539265669645	37.24010421882469
-80.4349216156608	37.24120309048132
-80.434920377708	37.241202597717354
-80.43413613461715	37.24202550905526
-80.43413922949912	37.24202550905527
-80.43371089783467	37.24250545439394
-80.4337102788583	37.24250742541573
-80.43301145450975	37.243205163888135
-80.43413551564079	37.24202452353809
-80.43402409988991	37.24191217449433
-80.4338767835082	37.24195947937527
-80.43367375925105	37.241860927506465
-80.43364652428971	37.24186585510297
-80.43354129830277	37.24194371108493
-80.4332417137282	37.24185797094842
-80.43289632490048	37.24190133378828
-80.43288889718377	37.241843188156416
-80.43492099668445	37.24120259771738
-80.43479472550013	37.24110995803405
-80.4348077240044	37.241086798095424
-80.43462141210988	37.240990216147
-80.43441529297075	37.24112227714743
-80.43436329895367	37.24110059550654
-80.43393496728922	37.24101978206273
-80.43383593106623	37.241121291618455
-80.43335189152631	37.241310512949596
-80.43326275892564	37.241328252425035
-80.43318848175836	37.24142779051535
-80.43539234720866	37.24010618990916
-80.43452578025743	37.240329907673896
-80.4345171145879	37.24033286429189
-80.43366540307012	37.240548697092315
-80.43363074039208	37.24055461031103
-80.43345247519065	37.239594198957725
-80.43349889842018	37.23954590704269
-80.43354965448448	37.23952570327314
-80.43383685953117	37.2393690006815
-80.4338814258315	37.239340419670555
-80.43440260395504	37.239018143383134
-80.43437784489929	37.23900434559083
-80.43350013637297	37.2395109200237
-80.43315660447443	37.23910437952778
-80.43312379872557	37.23906840674801
-80.43279326533131	37.23881413291102
-80.43271527430569	37.238622934189536
-80.432725177928	37.23858154058802
-80.43276603036999	37.238552959278486
-80.43304828360553	37.2383696444148
-80.43354098881495	37.2382119538528
-80.4335867930681	37.23818485075422
-80.43411292300279	37.23798970815688
-80.43471333010471	37.23789115109753
-80.43485321876969	37.23783595908801
-80.43490273688118	37.23781329092955
-80.43506614664916	37.23781329092955
-80.43532364082895	37.23849530384522
-80.43534221012077	37.23853472636846
-80.43545238791884	37.23882546684061
-80.43543381862703	37.23915661394456
-80.43363012141562	37.24055510307921
-80.43330082597414	37.24062803273803
-80.4332946362102	37.24063000380892
-80.43234636437501	37.240624090596114
-80.43234760232777	37.240622119525085
-80.43236121980844	37.24050089855736
-80.43235998185567	37.24014708990252
-80.43219162027657	37.24005346337892
-80.432090108148	37.239726262404105
-80.43206534909226	37.23971000087281
-80.43170324790191	37.23981446883082
-80.43162278097074	37.23961243161146
-80.43167972679898	37.23895112551114
-80.43173295876885	37.238873266438
-80.43234698335148	37.24062359782839
-80.43177752506922	37.24088574981845
-80.43177628711645	37.24089166301071
-80.43176390758858	37.24106708750364
-80.43179361845546	37.24127207740504
-80.43183570885023	37.24131544058197
-80.43177752506921	37.240885749818446
-80.43132072049063	37.24091728683851
-80.43091343402355	37.24076748587566
-80.43091219607079	37.240766500342026
-80.43052843070667	37.24091433024344
-80.43054328614012	37.24098528849314
-80.43053152558868	37.24102668077459
-80.43056618826674	37.24112424820527
-80.43054761897491	37.241314455055495
-80.43052533582475	37.24133416558247
-80.43050800448572	37.2416160255544
-80.43037182967912	37.24167417136148
-80.43037430558465	37.24168698314349
-80.43047829361879	37.241664316143115
-80.43048076952438	37.24173921577054
-80.43091281504728	37.24076748587563
-80.43023627384888	37.240783747178746
-80.43023627384888	37.240784239945455
-80.4300759589629	37.239819889334086
-80.43007595896295	37.23981988933408
-80.43035697424571	37.23974991553419
-80.43035449834012	37.23974794444029
-80.4304064923572	37.23894570494529
-80.4304071113336	37.23894274827288
-80.43043744117692	37.23833564241518
-80.43044053605887	37.23833564241518
-80.4311424552894	37.23810501975266
-80.4311486450533	37.238104034184204
-80.43193226916779	37.23786158395452
-80.4319335071206	37.2378605983829
-80.43286197171122	37.237564926311876
-80.43286073375843	37.237564926311876
-80.43360102952535	37.23733627244839
-80.43360226747815	37.23733430129138
-80.43420515048567	37.23714309881635
-80.43459262970815	37.23701891550577
-80.43420515048567	37.23714309881634
-80.43419277095778	37.23705143972593
-80.43406031000953	37.236756750067194
-80.43404297867052	37.23671338426767
-80.4338065296881	37.236145684227544
-80.43376567724611	37.23612202996643
-80.4336183608644	37.23574257517985
-80.43007533998659	37.23981988933406
-80.4292706706747	37.23994998129641
-80.42926695681639	37.23995195238502
-80.42875073050399	37.240034738060174
-80.42874082688171	37.240037694689754
-80.42807728418758	37.240145118818944
-80.42805500103742	37.240149060985914
-80.42743231078532	37.24025648495639
-80.42742983487975	37.240256484956376
-80.42705349723235	37.24021706333362
-80.42705473518515	37.24021804887443
-80.4270386417989	37.24026634035885
-80.42669325297119	37.24032350166774
-80.42671553612139	37.240482173349776
-80.42670563249908	37.24052455144435
-80.4262673972123	37.240734470491745
-80.42622283091197	37.240762065440414
-80.42549243876735	37.24103604331123
-80.42546148994765	37.24102815906987
-80.42545777608927	37.24031068965402
-80.42547882128663	37.24026732589902
-80.42548872490892	37.240097812799256
-80.4352479	37.2410033
-80.43563870086463	37.24022983767377
-80.4351966	37.2410801
-80.4351331	37.2410518
-80.43498690000001	37.241211799999995
-80.4348816	37.241401
-80.4349869	37.2412118
-80.434787	37.2415575
-80.4346632	37.2417301
-80.4345314	37.2418715
-80.4341166	37.2420399
-80.4341504	37.2418612
-80.434031	37.2418101
-80.4331656	37.2422215
-80.4330506	37.2422435
-80.4330684	37.2423041
-80.43252055273591	37.242409640698106
-80.4321863	37.2424737
-80.4322078	37.2425271
-80.432357	37.2427411
-80.4327427	37.2429277
-80.43321336372989	37.2431532571088
-80.4323185	37.2428262
-80.4325339	37.2429344
-80.4323255	37.2431949
-80.43253390000001	37.242934399999996
-80.4323129	37.242507
-80.4328557	37.2427128
-80.4332253	37.242825700000004
-80.4316368	37.2426325
-80.4316117	37.2425779
-80.4315215	37.242593
-80.4315054	37.242538
-80.4313604	37.2426192
-80.4312742	37.2426336
-80.4312684	37.2425766
-80.431254	37.2424348
-80.432123	37.24233
-80.4321317	37.2422458
-80.4318289	37.2422991
-80.4313255	37.242341
-80.4308178	37.2423833
-80.4313255	37.242340999999996
-80.4313718	37.2426789
-80.4313941	37.2427953
-80.43160965829067	37.2430087508711
-80.43094275680528	37.24274873689693
-80.4303942	37.2428526
-80.430375	37.2427983
-80.4303939	37.2427935
-80.4303869	37.2427338
-80.4303869	37.242733799999996
-80.4301938	37.2420908
-80.43007426485259	37.24165056476244
-80.430061	37.2416006
-80.4299917	37.2413721
-80.4295831	37.2414455
-80.4291792	37.2415181
-80.429253	37.2417307
-80.42950857942344	37.2416895479171
-80.42953692947144	37.24127434905056
-80.4304065	37.2412975
-80.43003055244341	37.24117196414382
-80.4305393	37.2412737
-80.4310834	37.241296
-80.43094890524051	37.24148791211618
-80.4330804	37.2423034
-80.4330966	37.2423582
-80.4335301	37.2422748
-80.4335999	37.2422616
-80.4336391	37.2424007
-80.4335999	37.242261600000006
-80.43458447611201	37.24199211368485
-80.4328957	37.2417165
-80.4328688	37.2416249
-80.4327865	37.2413451
-80.4326685	37.2409437
-80.4321241	37.2410518
-80.4323944	37.2418084
-80.4347057	37.2415263
-80.4352591	37.241108
-80.43529808515726	37.24104527680789
-80.4352533	37.2369736
-80.435462	37.2369026
-80.4350372	37.2370533
-80.4352533	37.236973600000006
-80.43613211552014	37.23839164951424
-80.4356137	37.2385682
-80.4354057	37.2382
-80.4353416	37.2382224
-80.4351578	37.2378882
-80.4349365	37.237462
-80.434867	37.2374861
-80.4346528	37.2370613
-80.4347202	37.2370404
-80.4347823	37.2370183
-80.4347435	37.2369417
-80.4348876	37.2368938
-80.43483786738831	37.23679137084309
-80.4348929	37.2364664
-80.4348568	37.2363896
-80.434825	37.2363221
-80.4346135	37.2363905
-80.4344899	37.2364348
-80.4344153	37.2364588
-80.4342646	37.2361509
-80.4339574	37.2354665
-80.4339283	37.2354078
-80.4338128	37.2354392
-80.4337379	37.2354633
-80.4336078	37.2355028
-80.433512	37.2352989
-80.4342065	37.2361687
-80.4340576	37.2362063
-80.4336922129944	37.23651156475039
-80.43434515103856	37.2364283410646
-80.4345524	37.2362718
-80.4344688	37.2361094
-80.434391	37.235958399999994
-80.4350107	37.2374542
-80.4350531	37.2374498
-80.4352163	37.2373864
-80.4354402	37.2373062
-80.435655	37.2372324
-80.4357406	37.2373966
-80.4357909	37.2374847
-80.434872	37.2375602
-80.4345819171887	37.23766062095945
-80.4340661	37.2378423
-80.4340116	37.2377912
-80.43435185052047	37.2376680167883
-80.43352418356884	37.23796073283094
-80.43401159999999	37.237791200000004
-80.4327321483036	37.236320189865715
-80.4345132	37.2382112
-80.43463254672922	37.23834613795592
-80.43502180374347	37.239250363467285
-80.43475494445623	37.23967636882978
-80.43344803349879	37.24031341350343
-80.4329445	37.2402808
-80.43282388793514	37.24026939722165
-80.43294449999999	37.240280799999994
-80.43244663207749	37.23954681261272
-80.43409651137888	37.23853302495967
-80.43363787260762	37.2387884975335
-80.4356264	37.2381231
-80.4355573	37.23800670000001
-80.4357167	37.2389211
-80.4356823	37.2391736
-80.4358476	37.2392145
-80.4359618	37.239247
-80.4356108	37.2393458
-80.435537	37.2395419
-80.4356848	37.2395653
-80.4355503	37.2385898
-80.43206612934155	37.23848442971961
-80.43109900096569	37.238842829762994
-80.43091704314892	37.23980647900723
-80.4307427	37.2401753
-80.430774	37.2401905
-80.43126056164644	37.24043910934042
-80.4317787867896	37.24047747231636
-80.43096093205257	37.2398325947141
-80.43025826681298	37.240375680407375
-80.429712146888	37.24047041861485
-80.42862023126408	37.24066175080299
-80.4273312	37.2409524
-80.4273156	37.2408649
-80.4273098	37.2407927
-80.4272301	37.240806
-80.4272422	37.2408795
-80.4271751	37.2408932
-80.4271971	37.2410122
-80.4265982	37.2412028
-80.426562	37.241155
-80.42667653543337	37.24109285364428
-80.42638945106157	37.24125016454039
-80.42676145758182	37.24141850148742
-80.42642092315934	37.24129726605607
-80.4273342	37.2407735
-80.427293	37.2407353
-80.42721664196728	37.24028894284297
-80.4271641	37.2400139
-80.4271359	37.2399081
-80.4271042	37.2397892
-80.42699242334402	37.23943327858711
-80.42685580945673	37.23899620488656
-80.42713590000001	37.2399081
-80.42768497789895	37.239805966058675
-80.4270632	37.239923
-80.4269956	37.2399371
-80.42645775307605	37.24004083308944
-80.42593867748778	37.24021028128156
-80.42715648632041	37.24035854936513
-80.42723170000001	37.2399395
-80.42950751297606	37.24047276900424
-80.42968064979992	37.2387519374469
-80.42969012247349	37.23924968673821
-80.4296697	37.238254100000006
-80.4294835	37.2375566
-80.4296697	37.2382541
-80.42932233253862	37.23952265756507
-80.42813079999999	37.2417098
-80.42864064597822	37.2416035087475
-80.4280529	37.2417248
-80.4281308	37.2417098
-80.4279524	37.2413838
-80.4276237	37.2418181
-80.4275561	37.2416794
-80.42739763803263	37.241249967054635
-80.4275484	37.241836
-80.4276798	37.2419332
-80.4360492	37.2379757
-80.435991	37.2378542
-80.4359793	37.2377518
-80.435949	37.2376844
-80.4319183	37.2364365
-80.43217779090938	37.2373602489063
-80.43126623338104	37.23665711282758
-80.43178854020023	37.23648371450132
-80.4316985100918	37.237560333714704
-80.43120697531641	37.23773592273662
-80.43646245552694	37.238671909206424
-80.436435	37.2386833
-80.4362207	37.2387542
-80.4361672	37.23866
-80.43609620000001	37.2385288
-80.43607349999999	37.2384869
-80.4360962	37.2385288
-80.4364999461954	37.23938132949488
-80.43558752128911	37.241029307129104
-80.43532015610805	37.24141773941738
-80.42759294811836	37.24205169836947
-80.42738875344962	37.24163416097037
-80.42724008013938	37.241194010856375
-80.42847648183286	37.23875533519305
-80.42847818546323	37.23830347369253
-80.4353917451465	37.24010634534089
-80.43090942617685	37.240767567330316
-80.43413194650596	37.24203366964416
-80.43412207237309	37.24201096766059
-80.4331120637915	37.243104710939264
-80.43055154875151	37.24127420201646
-80.4335999	37.242261600000006
-80.43403475019797	37.242142578041154
-80.43294811658778	37.24189483145102
-80.43389007134552	37.23634626281233
-80.43401159999999	37.237791200000004
-80.43361161989034	37.23733133520287
-80.4342228802729	37.23797165862822
-80.43357452646444	37.24025175538544
-80.4301708746638	37.24039084076902
-80.42720596160794	37.24023303407994
-80.42712785089404	37.2402248519299
-80.43015843439649	37.24031600817125