0	1
1	2
2	3
3	4
4	5
5	6
6	7
7	8
8	9
9	10
10	11
11	12
12	13
13	14
14	15
15	16
16	17
17	18
18	19
19	20
20	21
21	22
22	23
23	24
24	25
25	26
26	27
27	28
28	29
29	30
30	31
31	32
32	33
33	34
34	35
35	36
36	37
37	38
38	39
39	40
40	41
41	42
42	43
43	44
44	45
45	46
46	47
47	48
48	49
49	50
50	51
51	52
52	53
53	54
54	55
55	56
56	57
57	58
58	59
59	60
60	61
61	62
62	63
63	64
64	65
65	66
66	67
67	0
68	69
69	70
70	71
71	72
73	74
75	76
77	78
78	79
79	80
80	81
82	83
83	84
84	85
86	87
87	88
89	90
90	91
91	92
92	93
93	94
95	96
97	98
98	99
99	100
101	102
103	104
104	105
105	106
107	108
108	109
110	111
111	112
113	114
115	116
116	117
117	118
118	119
120	121
121	122
122	123
123	124
124	125
125	126
126	127
127	128
128	129
129	130
130	131
131	132
133	134
134	135
136	137
137	138
138	139
140	141
142	143
143	144
144	145
145	146
147	148
149	150
151	152
152	153
153	154
154	155
155	156
157	158
159	160
160	161
161	162
162	163
163	164
165	166
166	167
167	168
169	170
170	171
171	172
173	174
174	175
175	176
176	177
178	179
179	180
180	181
181	182
183	184
184	185
185	186
186	187
187	188
188	189
189	190
190	191
191	192
192	193
194	195
195	196
196	197
198	199
199	200
200	201
201	202
203	204
205	206
206	207
208	209
210	211
211	212
212	213
213	214
215	216
216	217
217	218
219	220
221	222
222	223
223	224
225	226
227	228
228	229
229	230
230	231
231	232
232	233
234	235
235	236
236	237
238	239
239	240
241	242
242	243
243	244
244	245
245	246
247	248
249	250
250	251
252	253
254	255
256	257
257	258
259	260
260	261
261	262
262	263
263	264
264	265
265	266
266	267
268	269
269	270
271	272
273	274
274	275
276	277
277	278
278	279
280	281
281	282
283	284
285	286
287	288
289	290
290	291
291	292
292	293
293	294
295	296
297	298
298	299
299	300
300	301
301	302
302	303
304	305
305	306
306	307
307	308
308	309
309	310
310	311
311	312
313	314
315	316
316	317
317	318
319	320
321	322
323	324
324	325
325	326
327	328
328	329
329	330
330	331
331	332
332	333
334	335
336	337
338	339
339	340
340	341
341	342
342	343
343	344
344	345
345	346
346	347
347	348
349	350
350	351
351	352
352	353
353	354
354	355
356	357
357	358
359	360
360	361
361	362
362	363
363	364
364	365
365	366
366	367
367	368
368	369
369	370
371	372
372	373
373	374
374	375
375	376
376	377
377	378
378	379
379	380
380	381
381	382
382	383
383	384
384	385
385	386
386	387
388	389
389	390
390	391
391	392
393	394
394	395
395	396
396	397
398	399
399	400
401	402
402	403
403	404
405	406
406	407
407	408
408	409
409	410
410	411
411	412
413	414
414	415
415	416
416	417
417	418
419	420
420	421
421	422
423	424
424	425
425	426
426	427
427	428
429	430
431	432
432	433
434	435
436	437
437	438
438	439
439	440
441	442
443	444
444	445
445	446
447	448
449	450
451	452
452	453
454	455
456	457
457	458
458	459
460	461
461	462
463	464
464	465
465	466
466	467
467	468
468	469
470	471
472	473
473	474
475	476
477	478
478	479
479	480
481	482
482	483
484	485
486	487
487	488
488	489
490	491
491	492
493	494
494	495
495	496
497	498
499	500
500	501
501	502
502	503
503	504
504	505
505	506
506	507
507	508
508	509
509	510
510	511
511	512
512	513
513	514
514	515
515	516
516	517
517	518
518	519
519	520
521	522
522	523
523	524
524	525
525	526
526	527
527	528
528	529
529	530
530	531
531	532
532	533
533	534
535	536
536	537
538	539
539	540
541	542
542	543
543	544
545	546
546	547
547	548
548	549
550	551
551	552
552	553
553	554
555	556
557	558
558	559
560	561
561	562
562	563
563	564
564	565
566	567
567	568
568	569
570	571
571	572
573	574
574	575
575	576
577	578
578	579
580	581
582	583
583	584
585	586
586	587
587	588
589	590
590	591
591	592
592	593
593	594
594	595
596	597
597	598
598	599
600	601
601	602
602	603
603	604
605	606
606	607
607	608
608	609
609	610
611	612
612	613
614	615
615	616
616	617
618	619
620	621
621	622
622	623
624	625
625	626
626	627
628	629
629	630
631	632
632	633
633	634
635	636
636	637
637	638
638	639
639	640
640	641
641	642
642	643
643	644
644	645
645	646
646	647
647	648
649	650
650	651
651	652
652	653
653	654
654	655
656	657
657	658
658	659
659	660
661	662
663	664
664	665
665	666
666	667
667	668
668	669
669	670
670	671
671	672
672	673
674	675
675	676
677	678
678	679
679	680
680	681
681	682
682	683
683	684
684	685
685	686
686	687
687	688
689	690
690	691
691	692
693	694
694	695
696	697
697	698
698	699
699	700
701	702
702	703
704	705
706	707
707	708
708	709
709	710
710	711
711	712
712	713
713	714
715	716
717	718
719	720
720	721
721	722
723	724
724	725
726	727
727	728
728	729
729	730
730	731
731	732
733	734
734	735
735	736
736	737
738	739
739	740
741	742
742	743
743	744
745	746
746	747
747	748
749	750
750	751
751	752
752	753
754	755
755	756
756	757
757	758
758	759
759	760
761	762
762	763
764	765
765	766
766	767
768	769
769	770
770	771
772	773
773	774
774	775
775	776
776	777
777	778
779	780
780	781
781	782
782	783
783	784
785	786
787	788
788	789
789	790
790	791
791	792
792	793
794	795
795	796
797	798
798	799
799	800
800	801
801	802
802	803
803	804
804	805
805	806
807	808
808	809
809	810
810	811
812	813
813	814
814	815
816	817
817	818
818	819
819	820
821	822
822	823
823	824
824	825
826	827
828	829
830	831
832	833
833	834
834	835
835	836
836	837
837	838
838	839
839	840
840	841
841	842
843	844
844	845
845	846
846	847
847	848
848	849
850	851
851	852
852	853
854	855
855	856
856	857
858	859
859	860
860	861
861	862
862	863
864	865
866	867
867	868
868	869
869	870
870	871
871	872
872	873
873	874
874	875
875	876
876	877
877	878
878	879
880	881
881	882
883	884
884	885
885	886
887	888
888	889
889	890
891	892
893	894
894	895
895	896
896	897
897	898
898	899
900	901
902	903
904	905
906	907
907	908
908	909
909	910
911	912
912	913
914	915
916	917
918	919
920	921
921	922
922	923
923	924
924	925
925	926
926	927
927	928
928	929
930	931
931	932
932	933
933	934
934	935
935	936
936	937
937	938
939	940
940	941
941	942
942	943
943	944
944	945
945	946
946	947
947	948
948	949
949	950
950	951
951	952
953	954
954	955
955	956
956	957
957	958
959	960
961	962
962	963
963	964
965	966
966	967
968	969
969	970
971	972
972	973
973	974
974	975
976	977
978	976
978	979
980	981
980	982
983	982
983	984
984	985
986	985
983	987
988	987
989	988
990	989
990	991
991	992
993	992
993	994
993	995
996	995
996	997
997	998
998	999
999	1000
995	1001
1002	1001
1003	1002
991	1004
1005	1004
1006	1005
1006	1007
1007	1008
1009	1008
1010	1011
1011	1012
1012	1013
1013	1014
1014	1015
1015	1016
1016	1017
1017	1018
1018	1019
1019	1020
1020	1021
1021	1022
1022	1023
1023	1024
1024	1025
1025	1026
1026	1027
1027	1028
1028	1029
1029	1030
1030	1031
1031	1032
1032	1033
1033	1034
1034	1035
1035	1036
1036	1037
1037	1038
1038	1039
1039	1040
1010	1011
1011	1012
1012	1013
1013	1014
1014	1015
1015	1016
1016	1017
1017	1018
1018	1019
1019	1020
1020	1021
1021	1022
1022	1023
1023	1024
1024	1025
1025	1026
1026	1027
1027	1028
1028	1029
1029	1030
1030	1031
1031	1032
1032	1033
1033	1034
1034	1035
1035	1036
1036	1037
1037	1038
1038	1039
1039	1040
1009	1008
1008	1007
1007	1006
1006	1005
1005	1004
1004	991
991	992
992	993
993	994
994	1041
1041	1042
1042	1043
1043	1044
1044	1045
1045	1046
1046	1047
1047	1048
1048	1049
1049	1050
1050	1051
1051	1052
1052	1053
1053	1054
1054	1055
1055	1056
1057	1056
1055	1058
1058	1059
1059	1060
1055	1054
1054	1053
1010	1011
1011	1012
1012	1013
1013	1014
1014	1015
1015	1016
1016	1017
1017	1018
1018	1019
1019	1020
1020	1021
1021	1022
1022	1023
1023	1024
1024	1025
1025	1026
1026	1027
1027	1028
1028	1029
1029	1030
1030	1031
1031	1032
1032	1033
1033	1034
1034	1035
1035	1036
1036	1037
1037	1038
1038	1039
1039	1040
1009	1008
1008	1007
1007	1006
1006	1005
1005	1004
1004	1061
1061	995
995	1001
1001	1002
1002	1003
1003	1062
1062	1041
1041	1063
1064	1065
1066	1065
1067	1066
1067	1068
1068	1069
1068	1070
1070	1071
1071	1072
1072	1073
1073	1074
1066	1075
1065	1076
1065	1077
1078	1079
1078	1080
1081	1080
1082	1081
1083	1082
1084	1083
1083	1085
1086	1087
1086	1088
1088	1089
1086	1090
1090	1091
1085	1092
1092	1093
1094	1093
1095	1094
1096	1095
1085	1097
1097	1098
1082	1099
1100	1101
1100	1102
1102	1103
1104	1099
1105	1104
1105	1106
1107	1108
1109	1107
1110	1109
1111	1110
1112	1111
1113	1112
1113	1114
1115	1114
1116	1115
1116	1117
1117	1118
1117	1119
1116	1120
1120	1121
1121	1122
1122	1123
1121	1124
1125	1110
1126	1127
1128	1126
1129	1126
1130	1129
1130	1131
1131	1132
1132	1133
1047	1133
1046	1047
1134	1046
1134	1135
1135	1136
1136	1137
1046	1045
1048	1047
1049	1048
1049	1050
1051	1050
1138	1051
1139	1138
1140	1139
1052	1051
1053	1052
1053	1141
1052	1142
1049	1143
1143	1144
1048	1145
1146	1145
1132	1147
1147	1148
1149	1148
1150	1149
1151	1150
1152	1153
1154	1153
1130	1155
1109	1156
1156	1157
1104	1158
1080	1159
1078	1160
1161	1160
1162	1163
1041	1042
1042	1043
1043	1044
1062	1164
1165	1164
1166	1165
1167	1166
1010	1011
1011	1012
1012	1013
1013	1014
1014	1015
1015	1016
1016	1017
1017	1018
1018	1019
1019	1020
1020	1021
1021	1022
1022	1023
1023	1024
1024	1025
1025	1026
1026	1027
1027	1028
1028	1168
1169	1170
1170	1171
1171	1172
1172	1173
1173	1174
1174	1175
1175	1176
1176	1177
1178	1179
1180	1181
1181	1182
1183	1184
1184	1185
1185	1186
1186	1187
1187	1188
1188	1189
1189	1190
1190	1191
1191	1192
1192	1193
1194	1195
1195	1196
1196	1197
1197	1198
1198	1199
1199	1200
1200	1201
1201	1202
1202	1203
1204	1203
1202	1205
1206	1205
1207	1206
1208	1207
1208	1209
1207	1210
1211	1210
1212	1211
1206	1213
1213	1214
1213	1215
1216	1215
1216	1217
1217	1218
1219	1218
1220	1219
1221	1220
1222	1223
1224	1220
1224	1225
1224	1226
1216	1227
1228	1227
1229	1228
1229	1230
1231	1230
1232	1231
1233	1232
1233	1234
1233	1235
1236	1235
1236	1237
1237	1238
1238	1239
1240	1241
1241	1242
1237	1243
1244	1245
1245	1246
1246	1247
1248	1247
1237	1249
1250	1251
1250	1252
1231	1253
1253	1254
1254	1255
1228	1256
1010	1011
1011	1012
1012	1013
1013	1014
1014	1015
1015	1016
1016	1017
1017	1018
1018	1019
1019	1020
1020	1021
1021	1257
1257	1258
1258	1259
1260	1261
1262	1263
1263	1264
1265	1264
1266	1265
1266	1267
1267	1268
1266	1269
1269	1270
1270	1271
1272	1271
1273	1272
1274	1273
1269	1275
1275	1276
1276	1277
1277	1278
1261	1279
1280	1279
1280	1281
1282	1281
1283	1282
1281	1284
1284	1285
1285	1286
1284	1287
1287	1288
1260	1289
1289	1290
1290	1291
1292	1291
1293	1292
1290	1294
1294	1295
1296	1295
1297	1296
1297	1298
1296	1299
1259	1258
1010	1011
1011	1012
1012	1013
1013	1014
1014	1015
1015	1016
1016	1017
1017	1018
1018	1019
1019	1020
1020	1021
1021	1022
1022	1023
1023	1024
1024	1025
1025	1026
1026	1027
1027	1028
1028	1168
1168	1300
1169	1170
1170	1171
1171	1172
1173	1172
1174	1173
1174	1175
1176	1175
1176	1177
1178	1179
1181	1180
1182	1181
1183	1184
1185	1184
1301	1185
1302	1301
1303	1302
1303	1304
1304	1305
1302	1306
1306	1307
1308	1309
1306	1310
1186	1185
1187	1186
1188	1187
1189	1188
1189	1190
1190	1191
1192	1191
1193	1192
1311	1193
1311	1312
1313	1312
1314	1313
1315	1314
1315	1316
1316	1317
1317	1318
1318	1319
1319	1320
1321	1320
1322	1321
1323	1322
1324	1323
1325	1324
1326	1325
1327	1328
1328	1329
1329	1330
1330	1331
1331	1332
1332	1333
1332	1334
1335	1334
1336	1335
1337	1336
1337	1338
1339	1338
1340	1339
1340	1341
1342	1334
1343	1344
1345	1343
1345	1346
1347	1348
1349	1348
1350	1349
1351	1350
1352	1351
1353	1352
1354	1353
1350	1355
1356	1355
1357	1356
1358	1355
1359	1358
1359	1360
1347	1361
1362	1363
1364	1365
1366	1365
1363	1367
1367	1368
1345	1369
1370	1371
1370	1372
1372	1373
1373	1374
1373	1375
1376	1375
1376	1377
1372	1378
1344	1379
1379	1380
1326	1381
1382	1383
1324	1384
1384	1385
1385	1386
1385	1387
1387	1388
1388	1389
1390	1389
1391	1390
1392	1391
1393	1389
1394	1393
1394	1395
1396	1395
1397	1396
1397	1398
1398	1399
1393	1400
1401	1400
1402	1401
1402	1403
1403	1404
1405	1404
1406	1407
1389	1408
1408	1409
1410	1409
1411	1410
1412	1411
1413	1412
1413	1414
1414	1415
1413	1416
1417	1410
1417	1418
1418	1419
1419	1420
1410	1421
1422	1421
1409	1423
1424	1423
1423	1425
1409	1426
1426	1427
1388	1428
1429	1428
1430	1429
1431	1430
1432	1431
1433	1430
1434	1433
1434	1435
1430	1436
1436	1437
1438	1429
1439	1438
1440	1439
1441	1440
1440	1442
1385	1443
1384	1444
1317	1445
1446	1445
1447	1448
1445	1449
1449	1450
1316	1451
1452	1451
1453	1452
1453	1454
1454	1455
1456	1455
1457	1456
1457	1458
1453	1459
1460	1459
1460	1461
1461	1462
1461	1463
1463	1464
1464	1465
1460	1466
1466	1467
1467	1468
1452	1469
1469	1470
1469	1471
1452	1472
1316	1473
1314	1474
1314	1475
1194	1195
1196	1195
1197	1196
1198	1197
1199	1198
1199	1476
1476	1477
1478	1197
1479	1478
1479	1480
1480	1481
1482	1481
1483	1482
1484	1483
1479	1485
1196	1486
1486	1487
1487	1488
1488	1489
1189	1490
1186	1491
1180	1492
1176	1493
1493	1494
1495	1175
1496	1495
1174	1497
1497	1498
1499	1500
1170	1501
1010	1011
1011	1012
1012	1013
1013	1014
1014	1015
1015	1016
1016	1017
1017	1018
1018	1019
1019	1020
1020	1021
1021	1022
1022	1023
1023	1024
1024	1025
1025	1026
1026	1027
1027	1028
1028	1168
1169	1170
1170	1171
1171	1172
1172	1173
1173	1174
1174	1175
1175	1176
1176	1177
1178	1179
1180	1181
1181	1182
1183	1184
1184	1185
1185	1186
1186	1187
1187	1188
1188	1189
1189	1190
1190	1191
1191	1192
1192	1193
1194	1195
1195	1196
1196	1197
1197	1198
1198	1199
1199	1200
1200	1502
1502	1503
1504	1505
1506	1505
1507	1506
1507	1508
1508	1509
1509	1510
1511	1510
1512	1511
1512	1513
1513	1514
1515	1514
1516	1515
1517	1516
1517	1518
1518	1519
1519	1520
1521	1520
1522	1521
1522	1523
1524	1523
1525	1524
1526	1525
1526	1527
1528	1527
1529	1528
1530	1529
1530	1531
1530	1532
1532	1533
1524	1534
1535	1534
1536	1535
1537	1536
1537	1538
1539	1538
1540	1539
1541	1540
1542	1541
1543	1542
1544	1545
1545	1546
1547	1546
1548	1547
1549	1548
1545	1550
1550	1551
1552	1551
1553	1552
1551	1554
1555	1554
1541	1556
1557	1556
1556	1558
1559	1558
1560	1559
1561	1560
1562	1563
1564	1562
1564	1565
1566	1567
1568	1566
1568	1569
1570	1571
1571	1572
1573	1572
1574	1575
1576	1575
1574	1577
1578	1577
1579	1578
1579	1580
1580	1581
1568	1582
1582	1583
1584	1583
1584	1585
1582	1586
1586	1587
1588	1587
1589	1590
1590	1591
1592	1591
1582	1593
1594	1595
1596	1595
1596	1597
1597	1598
1599	1598
1600	1599
1601	1600
1602	1603
1537	1604
1605	1604
1606	1605
1607	1606
1607	1608
1606	1609
1609	1610
1606	1611
1612	1605
1612	1613
1613	1614
1613	1615
1616	1617
1616	1618
1619	1618
1620	1619
1621	1620
1622	1623
1624	1623
1625	1624
1626	1625
1627	1626
1626	1628
1618	1629
1630	1629
1536	1631
1631	1632
1633	1632
1634	1633
1635	1634
1635	1636
1636	1637
1631	1638
1639	1638
1523	1640
1641	1642
1519	1643
1644	1643
1645	1644
1646	1645
1647	1646
1646	1648
1645	1649
1649	1650
1651	1650
1651	1652
1650	1653
1644	1654
1518	1655
1656	1655
1657	1656
1658	1659
1659	1660
1661	1660
1662	1661
1662	1663
1664	1663
1665	1664
1666	1665
1663	1667
1668	1667
1669	1670
1671	1672
1673	1671
1674	1673
1675	1676
1677	1675
1677	1678
1675	1679
1680	1679
1681	1680
1682	1681
1683	1682
1684	1683
1685	1686
1686	1687
1688	1687
1689	1688
1689	1690
1691	1690
1691	1692
1693	1692
1692	1694
1695	1696
1697	1695
1698	1697
1698	1699
1699	1700
1690	1701
1701	1702
1689	1703
1689	1704
1685	1705
1705	1706
1681	1707
1707	1708
1708	1709
1709	1710
1680	1711
1676	1712
1712	1713
1714	1713
1715	1714
1714	1716
1716	1717
1717	1718
1716	1719
1720	1721
1671	1722
1516	1723
1724	1723
1725	1724
1726	1725
1723	1727
1728	1727
1729	1730
1723	1731
1732	1731
1733	1732
1010	1011
1011	1012
1012	1013
1013	1014
1014	1015
1015	1016
1016	1017
1017	1018
1018	1019
1019	1020
1020	1021
1021	1022
1022	1023
1023	1024
1024	1025
1025	1026
1026	1027
1027	1028
1028	1168
1169	1170
1170	1171
1171	1172
1172	1173
1173	1174
1174	1175
1175	1176
1176	1177
1178	1179
1180	1181
1181	1182
1183	1184
1184	1734
1734	1735
1735	1736
1736	1737
1737	1475
1738	1470
1470	1469
1469	1471
1471	1384
1384	1385
1385	1443
1443	1739
1739	1740
1740	1741
1741	1742
1743	1744
1745	1744
1746	1745
1747	1746
1748	1747
1748	1749
1750	1749
1751	1750
1749	1752
1753	1752
1753	1754
1755	1754
1756	1755
1756	1757
1758	1759
1759	1760
1759	1761
1762	1761
1763	1762
1764	1763
1764	1765
1766	1762
1767	1766
1766	1768
1768	1769
1770	1769
1770	1771
1771	1772
1766	1513
1752	1773
1748	1774
1775	1774
1775	1776
1775	1777
1778	1777
1779	1778
1780	1779
1781	1780
1782	1781
1783	1779
1784	1785
1786	1787
1786	1788
1778	1789
1790	1789
1791	1790
1792	1793
1792	1794
1791	1795
1790	1796
1797	1796
1797	1798
1799	1798
1800	1799
1801	1802
1803	1802
1804	1803
1803	1805
1806	1805
1805	1807
1808	1807
1808	1809
1808	1810
1807	1811
1812	1747
1812	1813
1747	1814
1746	1815
1815	1816
1817	1816
1818	1817
1818	1819
1819	1820
1820	1821
1817	1822
1822	1823
1823	1824
1822	1825
1826	1744
1827	1826
1828	1827
1829	1828
1830	1829
1831	1832
1833	1832
1834	1833
1835	1836
1741	1837
1741	1740
1740	1739
1004	1061
1004	1838
1839	1838
1839	1840
1840	1841
989	1842
1843	1842
1844	1843
1844	1845
1845	1846
1846	1847
987	1848
987	1849
982	1850
1850	1851
1852	1853
1854	1852
1855	1854
1856	1855
1857	1856
1858	1857
1859	1858
1860	1859
1861	1860
1862	1861
1862	1863
1863	1864
1864	1865
1861	1866
1867	1866
1868	1867
1867	1035
1034	1035
1869	1034
1869	1870
1870	1871
1872	1871
1873	1872
1874	1873
1875	1874
1876	1875
1876	1028
1028	1029
1029	1030
1876	1877
1877	1878
1879	1878
1880	1881
1024	1882
1024	1023
1023	1022
1021	1022
1883	1021
1884	1883
1884	1885
1021	1257
1257	1886
1886	1887
1257	1888
1888	1889
1021	1020
1019	1020
1018	1019
1017	1018
1016	1017
1019	1890
1891	1890
1882	1892
1892	1893
1893	1894
1894	1895
1895	1896
1881	1025
1025	1026
1026	1027
1025	1897
1897	1898
1899	1898
1900	1899
1901	1902
1901	1903
1903	1904
1905	1904
1906	1905
1876	1907
1034	1033
1033	1032
1032	1031
1908	1035
1908	1909
1909	1910
1910	1911
1911	1912
1912	1913
1913	1914
1914	1915
1916	1915
1035	1036
1036	1037
1038	1037
1039	1038
1040	1039
1917	1918
1919	1920
1921	1922