-80.45697251135469	37.2305550611804
-80.44119400658141	37.23051401085853
-80.44118420615332	37.23051350383217
-80.44117450261423	37.23051203863735
-80.44116498941456	37.23050962938469
-80.44115575817159	37.23050629927662
-80.44114689778725	37.230502080383886
-80.44113849359188	37.23049701333674
-80.44113062652248	37.23049114693361
-80.44112337234323	37.230484537671174
-80.44111680091584	37.230477249200234
-80.44111097552674	37.230469351712756
-80.44110595227762	37.23046092126586
-80.44110177954514	37.230452039049354
-80.44109849751494	37.23044279060384
-80.4410961377948	37.230433264996904
-80.44109472311011	37.23042355396535
-80.44109426708506	37.230413751031726
-80.44114597231538	37.21053982102989
-80.44114647934174	37.210530020601794
-80.44114794453655	37.210520317062716
-80.44115035378921	37.21051080386304
-80.4411536838973	37.21050157262007
-80.44115790279002	37.21049271223573
-80.44116296983718	37.21048430804036
-80.4411688362403	37.210476440970965
-80.44117544550274	37.21046918679171
-80.44118273397368	37.21046261536432
-80.44119063146115	37.21045678997523
-80.44119906190805	37.210451766726116
-80.44120794412456	37.210447593993614
-80.44121719257006	37.21044431196343
-80.44122671817699	37.210441952243286
-80.44123642920854	37.210440537558604
-80.44124623214218	37.21044008153355
-80.45702473691546	37.21048113185542
-80.45703453734355	37.210481638881774
-80.45704424088264	37.210483104076594
-80.45705375408231	37.21048551332925
-80.45706298532528	37.210488843437325
-80.45707184570962	37.21049306233006
-80.45708024990499	37.21049812937721
-80.45708811697439	37.210503995780336
-80.45709537115364	37.21051060504277
-80.45710194258103	37.21051789351371
-80.45710776797013	37.21052579100119
-80.45711279121925	37.210534221448086
-80.45711696395173	37.21054310366459
-80.45712024598193	37.210552352110106
-80.45712260570207	37.21056187771704
-80.45712402038676	37.21057158874859
-80.4571244764118	37.21058139168222
-80.45707277118149	37.230455321684055
-80.45707226415513	37.23046512211215
-80.45707079896032	37.23047482565123
-80.45706838970766	37.23048433885091
-80.45706505959957	37.23049357009388
-80.45706084070684	37.23050243047822
-80.45705577365969	37.23051083467359
-80.45704990725658	37.23051870174298
-80.45704329799413	37.23052595592223
-80.4570360095232	37.230532527349624
-80.45702811203572	37.23053835273871
-80.45701968158882	37.23054337598783
-80.45701079937231	37.23054754872033
-80.4570015509268	37.230550830750516
-80.45699202531988	37.23055319047066
-80.45698231428833	37.23055460515534
-80.45562053762328	37.21683016775035
-80.45566006595871	37.217197415793876
-80.45564952506925	37.21760663293635
-80.45669307312481	37.217287653610946
-80.45660084034212	37.216967623656004
-80.45542289594609	37.21655105804155
-80.45560209106675	37.21678609786497
-80.45545451861443	37.21642199568419
-80.45544397772498	37.21651118514171
-80.45540313177837	37.21639261560458
-80.4549709553109	37.216484952959334
-80.45430424405318	37.21657938877344
-80.45422255215992	37.21622053205097
-80.4539985582591	37.216199546224885
-80.45550656425613	37.21636533409177
-80.4558043443831	37.2162331235438
-80.45595982250249	37.215995983408995
-80.45595455205778	37.215817603170315
-80.45540313177834	37.21636376015807
-80.45534515688637	37.21629030988072
-80.45527664110494	37.21608674730974
-80.45527137066021	37.216044775577316
-80.45519758443407	37.215639747159514
-80.45506055287122	37.215335449767416
-80.45492352130834	37.215217927687426
-80.4547575022995	37.21495140372053
-80.45518967876697	37.21487375482864
-80.45518704354461	37.21486955758897
-80.45483919419276	37.21477721825701
-80.45478385452316	37.21476672514396
-80.45455722539995	37.214758330652465
-80.45442546428181	37.21450229821321
-80.45456249584467	37.214007019881
-80.45460597701357	37.21400282259307
-80.45486159358276	37.214053190032416
-80.45491429803	37.21406788052922
-80.45508295226121	37.21410985336148
-80.45526214738186	37.21447291738589
-80.45552566961813	37.21442674749131
-80.45607445467519	37.214323389783964
-80.45590843566634	37.21438215154357
-80.45557903287104	37.214415729671366
-80.45587681299801	37.21451856259478
-80.45587944822036	37.21441782830385
-80.4561034421212	37.21433808022816
-80.45575295754699	37.21495087906609
-80.45586100166386	37.214560535176304
-80.45565281909722	37.21544195399424
-80.45609553645411	37.21537270003132
-80.45614560567903	37.21524468496278
-80.4556739008761	37.215146050253615
-80.45573451099044	37.21499704863991
-80.45454800212165	37.21396189902385
-80.45460597701364	37.21376882342351
-80.45443732278244	37.213724751749815
-80.45441360578117	37.213691173314494
-80.45438198311284	37.21366389082478
-80.45433718433267	37.213657594864216
-80.45427657421833	37.21368068005039
-80.45410528476476	37.213756231519376
-80.45386811475213	37.21384017750729
-80.45364939129603	37.21389054505519
-80.45325410794163	37.21397239224885
-80.4529471045364	37.2140416474972
-80.45289703531148	37.2141276918081
-80.45288616501907	37.21416809062731
-80.45262791322754	37.21443042009736
-80.45264899500646	37.21475990461944
-80.45261078428223	37.21474154166643
-80.45230509848817	37.21460093376376
-80.4520284001401	37.21469747056095
-80.45194670824685	37.214827585179115
-80.45197437808164	37.21486798362378
-80.45204552908544	37.21490470946379
-80.45189598021629	37.21485906448849
-80.45175763104227	37.21491205462964
-80.45152573147436	37.21509358493003
-80.4515191434185	37.21520900859331
-80.45143876913642	37.215260424531905
-80.45139660557862	37.21529190366069
-80.45082476232594	37.2157473002543
-80.45078391637931	37.21577458199062
-80.45019494418126	37.21618065897624
-80.45015409823465	37.216208989847146
-80.44995513894627	37.21635903835645
-80.45032143485466	37.216671725899374
-80.45056387531201	37.21649334725851
-80.45072330626496	37.21663709949032
-80.45095915866641	37.21644927717637
-80.45099736939066	37.216444030736305
-80.4521436911184	37.215657060594694
-80.45218058423148	37.215657060594694
-80.45228862834836	37.21574520165879
-80.45212260933951	37.215854328547856
-80.45258904369769	37.21629503168618
-80.45295797482844	37.216351693331475
-80.45315034606091	37.216269848719065
-80.45318723917399	37.21626355297597
-80.45333217640392	37.21647970652155
-80.45325311973306	37.21670005658587
-80.45305020761113	37.216624508064896
-80.45305481925033	37.2166512648414
-80.45324455526043	37.216726813335576
-80.45311674697585	37.21710245611384
-80.45286113040669	37.21701011951492
-80.45288484740797	37.214168615287186
-80.45276889762403	37.21452748177012
-80.45318065111815	37.21536115769778
-80.45260749025435	37.21573943052084
-80.45261934875498	37.21575726858217
-80.4525811380307	37.21579084609794
-80.4525587386406	37.215774057341925
-80.45221615973348	37.21599126158438
-80.45255346819592	37.216321788579535
-80.4521950779546	37.21668484195927
-80.45214500872972	37.216705827650365
-80.4517246907629	37.216731010471946
-80.45159688247828	37.216857973736076
-80.45121477523573	37.21678662250651
-80.45116470601084	37.21672996118789
-80.45114494184311	37.2166460184154
-80.45116602362202	37.21656522340868
-80.45125693879352	37.216474984727455
-80.45135312440976	37.216437210363715
-80.45138211185575	37.21643406249922
-80.4514980616397	37.21650016762609
-80.45284597787837	37.21420061953117
-80.45259826697628	37.21439369402649
-80.45113571856504	37.21386273797542
-80.45024369579531	37.213899464304774
-80.45013235765045	37.21387480519989
-80.4496764641817	37.213606177833086
-80.44939449538893	37.213759379495414
-80.4488542748046	37.21376987274857
-80.4486355513485	37.2138727065523
-80.44858021167889	37.21387690384744
-80.44800836842622	37.21387690384744
-80.44801100364855	37.21387480519991
-80.44816648176796	37.21375308354282
-80.44820073965866	37.21328298426481
-80.44821391577047	37.2132557016275
-80.4484089222253	37.21309410426575
-80.44841155744764	37.21306472289007
-80.44781204436016	37.21293040788407
-80.44779755063716	37.21281183271915
-80.44750767617728	37.212781401894546
-80.44724283632985	37.212700602749
-80.44718617904907	37.21268591198597
-80.44705441793094	37.21291466782866
-80.44704387704148	37.21309410426575
-80.44714665071363	37.21316126165292
-80.44716509727017	37.21320743232193
-80.44705046509739	37.213643953614344
-80.44705837076448	37.213685926682444
-80.44676981391578	37.21423367308038
-80.44638638906203	37.21437638030117
-80.44632314372531	37.21422842648624
-80.44627043927807	37.214206390786856
-80.44596080065047	37.214306076042305
-80.44593049559326	37.214287188319815
-80.44622827572024	37.214037450211045
-80.4462678040557	37.21397449089349
-80.44629942672404	37.21389893964308
-80.44634949594892	37.21373314635614
-80.44636794250546	37.213657594864046
-80.4463521311713	37.21342044663351
-80.44634686072655	37.213424643953815
-80.44607806804555	37.213519083598705
-80.44567751424646	37.21327563894037
-80.4456458915781	37.21319588965734
-80.44564325635574	37.213145521645664
-80.446117596381	37.21275097105769
-80.44600691704177	37.212667023857875
-80.44560241040918	37.213137913974386
-80.44512807038393	37.21258596225449
-80.44513070560629	37.212489422755525
-80.4451781396088	37.21243275820947
-80.44504637849067	37.212321527680494
-80.44489090037128	37.21241596870617
-80.44484083114641	37.21243905427224
-80.44461683724558	37.212564975417386
-80.44459048502195	37.212546087259014
-80.44470907002827	37.21245794245741
-80.4447986675886	37.21232362637124
-80.4448329254793	37.212294244695514
-80.44501739104469	37.21204659868835
-80.44506746026957	37.21202980909912
-80.44523084405606	37.2119164792741
-80.44525456105733	37.21193746629158
-80.44523874972313	37.2121326452745
-80.44543639140034	37.21201301950616
-80.4454811901805	37.21198363770947
-80.4455997751868	37.21189549225079
-80.4456287626328	37.21188919614266
-80.44566302052351	37.21189759095339
-80.44579478164165	37.21200672340783
-80.44582640430998	37.21201511820548
-80.4458395804218	37.21200672340783
-80.44586329742307	37.21200252600865
-80.44588437920197	37.21200672340783
-80.45291284664569	37.21418645372013
-80.45314474621358	37.21430187877123
-80.45329495388825	37.214329161030236
-80.45335556400259	37.21434595010779
-80.45388524369746	37.214463473546104
-80.45393794814473	37.2144844598551
-80.45413822504429	37.21453062971437
-80.4541856590468	37.21460618033222
-80.45420674082571	37.21460408170496
-80.45432796105439	37.214121395886245
-80.4540591683734	37.2140521407111
-80.45407497970758	37.213909432877
-80.45421201127046	37.21464815286502
-80.45426208049534	37.21469851987353
-80.454201470381	37.21490208619034
-80.45415008354493	37.21491520255786
-80.45387206758569	37.214860638453835
-80.45421201127046	37.21494878044842
-80.45425812766179	37.21500649241289
-80.45422914021582	37.215024330647516
-80.45379432852599	37.21510407799783
-80.45373635363403	37.215111423144286
-80.4535202654003	37.2151470995597
-80.45363094473952	37.21542831306717
-80.45364148562898	37.21544720050399
-80.45374162407876	37.215835441213166
-80.45392081919942	37.21581865246708
-80.453976158869	37.215801863717246
-80.45452823795398	37.215697983244596
-80.45458621284598	37.21568853955817
-80.45484446463752	37.21565810989387
-80.45485895836052	37.215667553584105
-80.45498544903393	37.21588475813321
-80.45498808425629	37.21590259616016
-80.45500389559045	37.21604425093047
-80.45477463124492	37.21606313821308
-80.45291811709039	37.21414028365029
-80.453002444206	37.21405004206847
-80.45368233157556	37.2138989396433
-80.4536085453494	37.213762527471744
-80.45355847612451	37.21375413286852
-80.45351367734435	37.213731047704826
-80.45325806077517	37.21345192653025
-80.4530788656545	37.213523280913726
-80.45302616120726	37.21348340641364
-80.45299717376132	37.213445630551995
-80.4527441924145	37.213227369647754
-80.45276263897104	37.21318539632457
-80.4531737336596	37.21302589748344
-80.4532580607752	37.21299022006494
-80.45355847612454	37.212820227427436
-80.45267831185542	37.21318749499128
-80.4524042487297	37.21307416690516
-80.45232255683646	37.21307206823529
-80.45205903460021	37.21317700165712
-80.45233046250357	37.2130342921677
-80.45207484593438	37.21285590492633
-80.45194044959389	37.21272158954861
-80.4517981475863	37.212639740998064
-80.45172172613779	37.21262924758772
-80.45148455612515	37.21274467502117
-80.45127373833616	37.212849608898345
-80.45118677599818	37.21288108903303
-80.45109717843785	37.21294824660981
-80.45111826021676	37.21296503599467
-80.45111035454967	37.21297133201303
-80.45176388969557	37.212597767347944
-80.4518258174211	37.212431971201745
-80.45187852186834	37.21241203366595
-80.45245431795458	37.21219481911884
-80.45250438717946	37.21217278282548
-80.45297872720474	37.212002788346254
-80.4533265765566	37.21181600384721
-80.45344252634055	37.21176563491437
-80.45344516156293	37.211698476284965
-80.45345833767473	37.211675390492296
-80.45350840689962	37.21163341630572
-80.4535373943456	37.21162292275542
-80.45361118057176	37.21161452791414
-80.45364280324011	37.211618725334894
-80.45369023724264	37.21163761372542
-80.45372976557806	37.21166279823878
-80.45375611780172	37.211696377576835
-80.45376402346878	37.21172785819269
-80.45375875302408	37.21178032585659
-80.45374557691225	37.211801312911945
-80.45369550768736	37.211849583117086
-80.45384308013968	37.212319691326186
-80.45387206758566	37.21233857954123
-80.45424890438352	37.211929333823136
-80.45455722539994	37.21135638608866
-80.45454404928812	37.21132700403627
-80.45415667160081	37.210938740126736
-80.45413295459956	37.21106466377576
-80.45408025015232	37.21114231658791
-80.45397747648016	37.21115910637462
-80.45386679714093	37.21111923062508
-80.45381672791605	37.21106046632418
-80.45381672791605	37.210970221058695
-80.45385889147384	37.21091565410161
-80.45390632547637	37.210890469338885
-80.45422782260461	37.21069528714271
-80.45451769706447	37.210574609725846
-80.44888710108127	37.22456496273352
-80.44879625234745	37.224449218359176
-80.45007332597704	37.223777484108346
-80.45326860572915	37.22205368330117
-80.45499213599348	37.221121491631365
-80.45496877489049	37.22110082206245
-80.45495320082183	37.22084865286561
-80.45474035521688	37.21835688650466
-80.45473646169972	37.21832898156256
-80.4547572271246	37.21829590902522
-80.45476890767608	37.21797861863329
-80.45518421617354	37.217820489698646
-80.45582794434455	37.217679930367346
-80.45577603078239	37.216890312785054
-80.45570854315154	37.21667947109012
-80.45569296908289	37.2163776770504
-80.45550608025906	37.216381811223485
-80.44889131905771	37.22456522109115
-80.44893544558555	37.22453215128815
-80.44853051980056	37.22397616305394
-80.44927547941782	37.2236475286759
-80.44911454737506	37.22343257208164
-80.44911195169699	37.22338916731038
-80.4492028004308	37.223364364572724
-80.45012426615949	37.222936516064344
-80.44963627867499	37.22264301471785
-80.44993218597942	37.22234124453693
-80.44995814276056	37.22230920722078
-80.45005677852872	37.22201777036523
-80.45013464887198	37.221914423692084
-80.4501683926874	37.22190202208178
-80.45047727838237	37.22205084127072
-80.45045132160128	37.22210871532045
-80.45058370118483	37.222164522397776
-80.45062133851745	37.222146953507526
-80.4506992088607	37.221994000642944
-80.45085494954724	37.22177490545871
-80.45101588159	37.22158474685839
-80.45114047413922	37.22148966737844
-80.45129621482577	37.22140698947237
-80.45138965923769	37.22134498098334
-80.45145714686852	37.22127057072921
-80.45147012525906	37.22124990120115
-80.451540208568	37.22115482129911
-80.4515609739929	37.22104320560899
-80.45152203882127	37.22090471924537
-80.45146233822474	37.220828241592294
-80.45135851110038	37.220766232627476
-80.45131698025064	37.22076003172819
-80.45100809455568	37.22109074564534
-80.45073295267612	37.22126230291867
-80.45071997428559	37.22128090549111
-80.4506862304702	37.22126643682405
-80.4509769464184	37.22108454477274
-80.45118979202333	37.22081997373326
-80.45075890945724	37.22062567878516
-80.45052529842744	37.22089851835748
-80.45008403314893	37.22081170587334
-80.45005807636784	37.22081997373326
-80.44978033881017	37.22108041085739
-80.44973880796043	37.22110934826011
-80.44957008888336	37.22124163338834
-80.4494403049779	37.22148760043189
-80.44941175251871	37.221526872406606
-80.44921707666053	37.221779039336006
-80.44917814148891	37.22181211034618
-80.44903278351481	37.22199606757562
-80.44869274968252	37.221673625394295
-80.4484799040776	37.221303641962336
-80.448799172485	37.22089438443192
-80.44907042084735	37.22337883283735
-80.44877970489917	37.22302952681611
-80.44875245027902	37.222993355981835
-80.44861487933923	37.22284660556195
-80.44788808946873	37.221827612377226
-80.44786472836573	37.221827612377226
-80.44788549379062	37.221854482556786
-80.44858892255813	37.222871408469864
-80.44856037009895	37.22290861281645
-80.44825148440398	37.22304192824102
-80.44819924638193	37.22306440581848
-80.44803961217825	37.22313054669714
-80.44784493632005	37.22317188471685
-80.44781897953897	37.223190486818325
-80.44791242395088	37.22329796553702
-80.4479292958586	37.22333310277722
-80.44798510293793	37.223432313720004
-80.44807335599364	37.22348605292619
-80.44816420472746	37.223596631556916
-80.44779951195315	37.22315224916031
-80.44770736538028	37.223008599406995
-80.44712333780576	37.22339200929024
-80.4470714242436	37.22341577857195
-80.44699874525656	37.22347778535851
-80.44703248907197	37.22356666166368
-80.44712593348389	37.2236886080515
-80.44714150755254	37.2236886080515
-80.44725312171124	37.223847758125466
-80.44738809697292	37.22399037284149
-80.44738679913385	37.223986239085406
-80.44727907849233	37.22382088865603
-80.44725052603314	37.22378161787577
-80.44722197357395	37.223740280190256
-80.44702599987671	37.22381778833201
-80.44697668199265	37.223839490597435
-80.44675345367527	37.22393456711517
-80.44675215583621	37.22393456711517
-80.44682872834044	37.22386739350094
-80.44669764659591	37.22358319677868
-80.44655099078275	37.223651404089686
-80.44786180822784	37.22187489355223
-80.44816420472753	37.22232548424606
-80.4479857518575	37.222415395369694
-80.44793254045626	37.22243399765776
-80.4476119742098	37.22256628046274
-80.44756525200386	37.22258798308829
-80.44740691563922	37.222666525871375
-80.44725117495268	37.222836012650944
-80.4469137367985	37.222964160938716
-80.4478274154929	37.22186249193545
-80.4478326068491	37.22192863386811
-80.44741210699546	37.222114657742765
-80.44736149127232	37.2221311931761
-80.44724468575743	37.22218700023679
-80.4466918063202	37.222265543437445
-80.44657500080531	37.22231514962729
-80.44657370296623	37.222344086556305
-80.44669829551546	37.222610719165466
-80.44911874959253	37.22340005164242
-80.44921510763898	37.223375937040245
-80.44988961396407	37.22308546508997
-80.4501924535386	37.22293639225847
-80.44962807069517	37.222596592791284
-80.44957851512842	37.222563708890625
-80.4494628854727	37.22252644045255
-80.44910360761384	37.22235160738696
-80.44897077116411	37.22227104154321
-80.44879182050644	37.222158687671836
-80.44863351800157	37.22203701646141
-80.4484752154967	37.22188355699718
-80.44835958584095	37.22174434707025
-80.4481475981388	37.22138261928728
-80.44805949935346	37.22115023567512
-80.44802921539602	37.22100773593618
-80.44796038821998	37.220806043537806
-80.44789706721802	37.2203829262105
-80.44788054869578	37.22002338423284
-80.44789706721804	37.219635340053514
-80.44794937587181	37.219273602156306
-80.44822193148889	37.21795379220868
-80.44684261193353	37.2160127721156
-80.44661334758798	37.216619261637184
-80.446584360142	37.21665493733955
-80.44672666214957	37.21676616147982
-80.44691903338204	37.216896272530136
-80.44701126616478	37.216946638037754
-80.44727742362342	37.21706835454233
-80.44742236085337	37.2171166213777
-80.44763581386474	37.217177479517396
-80.44793886443642	37.21722364772857
-80.44828407856593	37.21723833760801
-80.44829659587214	37.21732123044557
-80.44830977198397	37.21744714344225
-80.44823335053543	37.217878393863344
-80.4468877401165	37.21597394822568
-80.44705112390298	37.215976046814816
-80.44742005503375	37.21608307478385
-80.44743586636793	37.21611035639874
-80.44730674047216	37.21646291791884
-80.44710909879497	37.21646501649438
-80.44711041640613	37.216471312220655
-80.44740292608839	37.21653217088096
-80.44761506148858	37.21662660663594
-80.44770070621536	37.216679070893186
-80.44775341066259	37.216701105870335
-80.44784169061174	37.216727337977616
-80.44828836080221	37.21659198020617
-80.44837005269542	37.21668116946271
-80.44846887353403	37.21671264799867
-80.44847019114522	37.216709500145654
-80.44838191119607	37.216661233049805
-80.44856769437263	37.21638841844919
-80.44879037066227	37.21622787708851
-80.449020952619	37.21621371165793
-80.4490650925936	37.21618957795528
-80.44970545162774	37.21569431069985
-80.44974497996317	37.21568801490871
-80.45047493655761	37.21515706796669
-80.45057243978502	37.2152850831839
-80.4505803454521	37.21525989987966
-80.4504960183365	37.21514657490648
-80.45043013777742	37.21508571512841
-80.45029310621457	37.21494720648495
-80.45025884832387	37.21490523411855
-80.45001904308886	37.21482338793689
-80.44997951475342	37.21479190861262
-80.44985565930239	37.214665991184155
-80.45002694875596	37.21437008440005
-80.45037479810782	37.21439316936821
-80.45042750255506	37.21439316936821
-80.45083332679891	37.21443724065145
-80.45114164781535	37.214592539253836
-80.45117063526129	37.214577848859165
-80.45085440857778	37.21440785979879
-80.4509729935841	37.21402800631672
-80.4514578744988	37.21412874112814
-80.45146050972119	37.21410145879666
-80.4509729935841	37.213979737505255
-80.45048284222464	37.21393566595477
-80.44681461269589	37.2159626683081
-80.44656426657144	37.215929090868805
-80.4465115621242	37.21591649932521
-80.44613472532636	37.21580317533835
-80.4459555302057	37.2156982455691
-80.44594498931625	37.21567516100027
-80.44613999577106	37.21576959782807
-80.44635344878245	37.215442216319616
-80.4467223799132	37.215482089784444
-80.44669207485602	37.215463202356354
-80.44636003683833	37.21540444143874
-80.44617557127295	37.21525963755358
-80.44615448949406	37.215127425067855
-80.44653396151426	37.214814731124086
-80.44672633274674	37.21490707041011
-80.446931880091	37.21486299940133
-80.44694373859164	37.21482102698808
-80.44693583292455	37.21435932890117
-80.44726260049751	37.21402564534306
-80.44783971419493	37.214287975308395
-80.44786606641854	37.21433414528789
-80.44788978341981	37.21443907695441
-80.44777910408058	37.21458388241454
-80.44766051907426	37.214988916500985
-80.44780018585949	37.21508755141559
-80.44777910408055	37.21510014309754
-80.44729949361054	37.215037184666805
-80.44721516649496	37.21522186258131
-80.44710712237809	37.21527432781547
-80.44704124181904	37.21544221631961
-80.44749713528776	37.21562479464377
-80.44755247495736	37.21563738623606
-80.44781863241597	37.21567516100027
-80.44810850687587	37.215431723299055
-80.44813749432187	37.21544431492356
-80.44785552552905	37.21568145679247
-80.44805580242861	37.21608438640026
-80.44830087810834	37.21598785137776
-80.44833513599903	37.21595532324455
-80.44891488491879	37.21551251951976
-80.44895441325424	37.21547684327714
-80.44897549503314	37.21544956143316
-80.44919685371161	37.21527537711981
-80.44896758936606	37.2149039224818
-80.44892806103061	37.21487244319114
-80.44854331856568	37.214559748190524
-80.44884373391501	37.214370871387814
-80.44935496705337	37.2141316267589
-80.4482656320095	37.217933742735326
-80.44848501427117	37.21804706352168
-80.44840595760029	37.2183838770762
-80.44841781610093	37.218405911555394
-80.44861941061166	37.21751350999979
-80.44897714204738	37.21762525751001
-80.44934673198375	37.21735297103339
-80.44939614240303	37.21733093624664
-80.44942974148816	37.2173151971093
-80.44943171790494	37.21725853618769
-80.44947915190747	37.21719243172536
-80.44954239724417	37.217164101223766
-80.44964121808277	37.21715308380361
-80.44972818042073	37.217178266475905
-80.44978154367357	37.2172207622163
-80.449821072009	37.217271127507274
-80.4498289776761	37.217346675380696
-80.44976375592262	37.21744425793854
-80.44966888791758	37.217477310066606
-80.44955820857834	37.217480457887575
-80.44932301498248	37.21759692717096
-80.44927360456316	37.21762210969509
-80.44914118463944	37.21770552674617
-80.44903643455054	37.21781884787536
-80.44896133071319	37.21796836854921
-80.44894156654549	37.21806752420107
-80.44893563729516	37.21825953953725
-80.44889413254293	37.21884974755148
-80.44888029762551	37.218893816231265
-80.44877357111984	37.219457263511025
-80.44880914662174	37.21949503636249
-80.449508798159	37.21952021825295
-80.44952065665964	37.21933450161314
-80.44955030291122	37.21932348450998
-80.44964517091627	37.218667177032394
-80.44965307658336	37.21861996044691
-80.44971829833682	37.21838859875086
-80.44966493508399	37.218317773600006
-80.44965900583367	37.218272130689776
-80.44966691150076	37.21822176606712
-80.44968865208524	37.21819028816089
-80.44973806250455	37.2181399234836
-80.44982502484251	37.2181131672351
-80.44992384568111	37.218121036720945
-80.4500088316023	37.218163531930266
-80.4500305721868	37.21818399257807
-80.45005033635451	37.21818241868228
-80.45029541203424	37.21801558554255
-80.45067488405445	37.2181603841378
-80.45072231805696	37.21813520179339
-80.45075986997561	37.218099002158546
-80.45082904456264	37.218070671997424
-80.45091798331738	37.21806280250633
-80.45095751165282	37.218070671997424
-80.45104645040756	37.218111593337845
-80.45109783724362	37.21818714036955
-80.45108400232621	37.21827055679583
-80.45101680415597	37.218342955883486
-80.45093379465156	37.218360268698504
-80.45089624273288	37.21836184259058
-80.45090019556643	37.21838072929295
-80.45091205406708	37.21842007657434
-80.45089228989936	37.218782070600255
-80.45069069538863	37.21877577506682
-80.45063140288548	37.21895204980435
-80.4506215208016	37.218996118424386
-80.45060373305064	37.2192353476267
-80.45066104913703	37.21921646113831
-80.45071243597312	37.21922433050904
-80.45075394072533	37.219243216995466
-80.45067488405445	37.21956271267406
-80.45063337930226	37.21963983211786
-80.45058199246617	37.21967445714863
-80.45053455846366	37.219693343522344
-80.45044759612568	37.21972009921034
-80.44985664751088	37.219696491250836
-80.44979933142447	37.21969491738661
-80.44873206636763	37.219650849174826
-80.44873404278441	37.21965084917485
-80.44821029233985	37.21963196279048
-80.44811740075156	37.21967130941922
-80.44792371190792	37.21965557077019
-80.44792568832469	37.22028039261407
-80.44812333000188	37.220275671057834
-80.44816088192054	37.220310295796715
-80.44826760842624	37.220318165053335
-80.44846920293696	37.22032131275576
-80.44851861335627	37.220322886606915
-80.44924000547805	37.2203401989675
-80.4492913923141	37.22034806822101
-80.45030134128456	37.22042518686188
-80.4503191290355	37.22045036844182
-80.4503131997852	37.2204613853804
-80.44931510931535	37.22037954522681
-80.44928743948054	37.2207478252187
-80.44822313904896	37.21787157362053
-80.44818558713028	37.217591418492724
-80.44717366174304	37.217338018857404
-80.44713018057404	37.21732070580778
-80.44685743505951	37.217125540246215
-80.44665584054876	37.21714127942312
-80.4466479348817	37.21725145356954
-80.4465965480456	37.217339592770806
-80.44649377437347	37.21740569710419
-80.44638309503424	37.21744032316045
-80.4463297317814	37.21745134053866
-80.44620917035832	37.21745134053866
-80.4461044202694	37.2174277318691
-80.44601152868111	37.2173868101577
-80.44560241040932	37.21714600117556
-80.4455688113242	37.21714600117554
-80.44636333086653	37.217640209629124
-80.44594037767732	37.21803998097754
-80.44590183755025	37.21806909809928
-80.44559746936737	37.21836341648264
-80.44512115292534	37.217645718303835
-80.44523380868134	37.21756544900402
-80.44523973793169	37.217559153369045
-80.44506976608929	37.217568596821295
-80.4443780202191	37.216470000611345
-80.44459147323049	37.21641648692028
-80.44712326311534	37.217319918850855
-80.44706792344574	37.217238075288876
-80.44686830535177	37.217109014106896
-80.44663508817268	37.217123179369366
-80.44618446514869	37.21677219486021
-80.44614296039647	37.216739142423194
-80.44544726169273	37.21627011104194
-80.44551643627975	37.21618354452864
-80.44505000192157	37.215867182426116
-80.4446310015659	37.21613160457298
-80.44462704873236	37.21616308333826
-80.44456380339565	37.21623233657563
-80.44453415714418	37.21624335413026
-80.44436023246826	37.21586560848199
-80.44390565661072	37.21523917611282
-80.44390763302751	37.21519982717227
-80.44348072700477	37.21450728245958
-80.44363884034652	37.21436877275416
-80.44387601035915	37.21434358914404
-80.44388391602625	37.214319979501916
-80.44376137818638	37.21425229848688
-80.44374556685221	37.21412480617737
-80.44361512334527	37.21395953804809
-80.44357361859305	37.213929632347906
-80.44361512334527	37.21388398678268
-80.4438305527734	37.2138792648261
-80.44412701528918	37.21360066886366
-80.44397878403133	37.212911257483135
-80.44389577452691	37.212731820611204
-80.44372283805937	37.21269325736808
-80.44366255734786	37.212689322342165
-80.44361314692856	37.21271608051433
-80.44354990159185	37.21271135848464
-80.44346293925389	37.21273969065837
-80.44340759958428	37.21280894703825
-80.44344317508619	37.21329216591961
-80.44345305717	37.213336237845986
-80.44289966047387	37.21365261056178
-80.4428542028881	37.21367622041275
-80.44236009869512	37.21390287460613
-80.44281072171911	37.21445691532339
-80.4428265330533	37.214472655057065
-80.44288582555646	37.21452302218274
-80.44294116522609	37.214601720749286
-80.44296488222734	37.21465838366636
-80.44298563460342	37.214691437015006
-80.44316351211292	37.21491179230257
-80.44332557828821	37.21525334172636
-80.44713808624128	37.21731834493699
-80.44708274657165	37.217217614384474
-80.44686731714353	37.21707910965513
-80.44665188771539	37.21709170100466
-80.44629810911321	37.21682728222301
-80.44645029320465	37.216577027879545
-80.44524072614021	37.21578061545041
-80.44494031079088	37.21552248787877
-80.44465570677572	37.2151541823755
-80.44498379195986	37.21514473862101
-80.4450391316295	37.21512270318924
-80.44507865996493	37.21505974477734
-80.44522491480606	37.21506604062089
-80.44527630164212	37.21502826555168
-80.44537512248073	37.2146945849522
-80.44541069798262	37.2146930109836
-80.44560833965983	37.214266464285714
-80.44544232065098	37.21419720924373
-80.44515771663582	37.214143693940485
-80.44509743592425	37.21413031510873
-80.44489386499674	37.21413188908905
-80.44454206281134	37.21375255888027
-80.44454206281134	37.2137195051203
-80.44504604908816	37.21347002746476
-80.4488896967593	37.22456289587122
-80.44879625234738	37.22445128522455
-80.44809541925798	37.22485432289218
-80.44738420345611	37.225257358405905
-80.4453465961406	37.22643028283779
-80.44534010694535	37.226426149215435
-80.44516879219016	37.225514679953484
-80.44517203678744	37.22551881362571
-80.44529533149762	37.22510854554389
-80.44526548119937	37.225087877067615
-80.4451564627188	37.22511784635636
-80.44496308469992	37.22518243530029
-80.44496827605613	37.22527337643949
-80.44424278402468	37.22556893438454
-80.44400917299487	37.22527027617519
-80.4439624507889	37.22522377219535
-80.44390145235334	37.225192769526195
-80.44382098633196	37.22515969999836
-80.44371975488572	37.22514626549855
-80.44360554504894	37.22514833234482
-80.44352248334945	37.22516796738168
-80.44354324877433	37.22526200880309
-80.44348030358019	37.22529094460146
-80.44332975424989	37.225216538240325
-80.4431636308509	37.22525787511669
-80.44308576050764	37.225228939305616
-80.44244722369282	37.22433192365571
-80.44224476080034	37.22425338260696
-80.44203710655162	37.22429472001124
-80.44201114977052	37.22428541909726
-80.44208512659664	37.22398675580499
-80.4416607332258	37.22391441503724
-80.44127397718756	37.22396091982448
-80.44352962146426	37.22530231223351
-80.4437061275757	37.22536638430933
-80.44390599479007	37.22574048147171
-80.44369055350704	37.22581902097176
-80.44528624662425	37.22505894119133
-80.44489170355169	37.224841921765226
-80.44431286733341	37.224821253215886
-80.44423240131202	37.22478818352515
-80.44414933961254	37.22477164867435
-80.4440532995225	37.22476751496109
-80.44401696002897	37.22474942996288
-80.4438579747448	37.22470499252029
-80.4452940336586	37.225053257357196
-80.44524731145265	37.22498918501534
-80.44517982382182	37.2247638979618
-80.4454134348516	37.22465642133217
-80.44522654602778	37.22418930958553
-80.44521616331534	37.22408803276325
-80.44523173738399	37.224021892724274
-80.44524471577452	37.22394748511108
-80.44532777747402	37.22387101054326
-80.44547053977001	37.22376043231482
-80.44588455042842	37.22341629529541
-80.4452810552681	37.22312899652099
-80.44539396726583	37.222597800940655
-80.4454861138387	37.222581265609634
-80.44551985765412	37.222566797192016
-80.44554970795238	37.22246758511071
-80.44571972486851	37.22250478965649
-80.4457378946153	37.22252545884065
-80.44572232054665	37.22259160019193
-80.44605586518368	37.222846863925675
-80.44605586518368	37.22288820210087
-80.44530311853211	37.22504809023487
-80.44522524818883	37.22479593423523
-80.44546924193108	37.22467398963788
-80.44543290243756	37.2245830477759
-80.4454173283689	37.22454687768667
-80.4453433515428	37.22436602698035
-80.44532842639371	37.224325723049574
-80.44526223660193	37.224141771502225
-80.445263534441	37.224059096503346
-80.44529468257831	37.22395471918782
-80.44535178749669	37.22388651215113
-80.44542965783998	37.22382140537673
-80.44552180441285	37.223773867061524
-80.44556009066496	37.223746997565755
-80.4457378946154	37.223603348945225
-80.44578072330422	37.22357441249936
-80.44602731272458	37.22340906116708
-80.4460779284477	37.22338632533054
-80.44623626481234	37.223310883642014
-80.44531609692271	37.22504395653678
-80.44531479908365	37.225012953793694
-80.44527326823392	37.22482693706755
-80.44549519871222	37.22472462767259
-80.44560032367563	37.2246564213322
-80.44564834372066	37.22463471930186
-80.44612724633176	37.224433200150486
-80.44619084044542	37.224496239532634
-80.44517073894862	37.22551829691674
-80.44496697821708	37.225178301609546
-80.44534529830158	37.22643028283779
-80.44417464747444	37.22707305835667
-80.44417983883065	37.22707099156314
-80.44336998726065	37.22707512515016
-80.44500412886018	37.23032482947129
-80.4450456597099	37.23042403121616
-80.44932333723348	37.22918400002457
-80.45135315751467	37.22868798183794
-80.45209292577569	37.22819609391409
-80.45210071281002	37.22796254936468
-80.45043169178601	37.22629671505095
-80.4500890622756	37.22592468747283
-80.44925844528073	37.224949139774175
-80.44888726331115	37.22456263751352
-80.45662587495458	37.216977067182306
-80.45674973040562	37.217310737686354
-80.45674182473853	37.21732332899723
-80.45619369848711	37.21750170567556
-80.45562185523444	37.217680081932095
-80.45546637711504	37.21771785567347
-80.45515542087625	37.21773464399691
-80.45484446463746	37.217619224197854
-80.45434640761094	37.217690574639924
-80.45432269060964	37.217719954214125
-80.45416194204553	37.21773254545669
-80.45412768415483	37.21772415129521
-80.4540723444852	37.21770526442846
-80.45402227526031	37.21768008193211
-80.4539458538118	37.21758774604021
-80.45348732512072	37.217799698714934
-80.45356638179157	37.21795708892968
-80.45307754804332	37.21810083837221
-80.45310126504458	37.218237242699445
-80.45300376181719	37.21843030686405
-80.45300639703953	37.218577203180025
-80.45315133426948	37.21881643371089
-80.4529747743712	37.21890457108365
-80.45293656364693	37.2188909307827
-80.45301825554017	37.21886784719086
-80.45306832476507	37.218836369554225
-80.45296291587056	37.21855097171601
-80.45298926809417	37.21853838061005
-80.45294710453638	37.21846283393011
-80.45292602275747	37.218424011301266
-80.4529167994792	37.218394632001285
-80.45287200069902	37.21836000638307
-80.45285091892012	37.21826976984876
-80.4528799063661	37.21819841995452
-80.45257158534967	37.217778713328165
-80.45253633925066	37.21777609015422
-80.45249417569286	37.21784953898494
-80.45171942031826	37.21788101703337
-80.45166539825982	37.21785688386408
-80.45148883836154	37.21780546969508
-80.45144140435902	37.21733959277049
-80.45293590484148	37.218934999438424
-80.45268292349468	37.21922459282129
-80.45258673787842	37.21932007445382
-80.45239041381241	37.21959707542908
-80.452234935693	37.21977964369752
-80.45598300764546	37.2173989101384
-80.45700764323973	37.21705142490293
-80.45548668595252	37.2176143817555
-80.454991	37.217831700000005
-80.454991	37.2178317
-80.4544957492907	37.218046870992495
-80.4550039	37.2178732
-80.4550411	37.2179825
-80.45553829662555	37.217758658205454
-80.45604093916448	37.217547410624654
-80.45655263209579	37.21735925598959
-80.4546416	37.2181597
-80.4545311	37.2180815
-80.4543043	37.2181815
-80.45420294368245	37.21822742306527
-80.4537128	37.2184495
-80.4534366019549	37.2180634638734
-80.453327	37.2178247
-80.45323446349693	37.217378731316174
-80.4531973	37.2178798
-80.45273393307494	37.21807601051197
-80.45250989028824	37.218485318978146
-80.45226323848303	37.218906981341746
-80.45187536192752	37.21922808648294
-80.45159688858949	37.21961934371786
-80.45319639084413	37.21787554862631
-80.45310695208072	37.217428939026384
-80.45311848776177	37.21697878034306
-80.4535813	37.2185163
-80.45317422757594	37.21878410486247
-80.45282481556359	37.219123474092854
-80.45255165625123	37.219526179067365
-80.4523878041264	37.21998368042514
-80.4523771	37.2200334
-80.444600141	37.2296172110001
-80.4425307	37.2297505
-80.44119875289527	37.22868967106543
-80.44141629830439	37.228251172621775
-80.44208945353449	37.227531963001695
-80.44229193118015	37.22708208424065
-80.44251665327526	37.22665139844418
-80.44297986307495	37.226481749164726
-80.44335002236795	37.22620379440186
-80.4433441	37.2258237
-80.44388696439245	37.22570246992387
-80.4443519	37.2256045
-80.44489545475946	37.22548678132324
-80.44543912326587	37.225368977046756
-80.4454758	37.2253607
-80.4456709	37.2251981
-80.44597179842197	37.22509818108676
-80.4464547528101	37.22486286899612
-80.4469339	37.2246196
-80.44745208658637	37.22435503247654
-80.44793012979792	37.22411505993061
-80.44889358116713	37.22365024034085
-80.44937856991632	37.223424634383306
-80.44986353674318	37.2231989829505
-80.4503374	37.2229512
-80.4504886	37.2228538
-80.45089298316836	37.222431689888616
-80.45120471702538	37.2220665989306
-80.45152098272231	37.22170529456844
-80.45183288831329	37.221340229369936
-80.45237709999999	37.2200334
-80.4534206	37.2165692
-80.4535079056389	37.2161187299482
-80.45342584672109	37.215661783359245
-80.45332625554396	37.21520733331307
-80.45290178134668	37.21440475327152
-80.4526831	37.2141792
-80.45344759999999	37.2138799
-80.4527801	37.2131726
-80.4525762	37.2130623
-80.45215130212159	37.21279487406608
-80.4519588	37.2124939
-80.4518566	37.2125251
-80.4516142	37.2121625
-80.4512739280726	37.211780776221225
-80.4508	37.211579
-80.45092175572951	37.21121416514422
-80.4510468	37.210770383718646
-80.45035182962883	37.21159643262149
-80.4499749	37.2112357
-80.44961363247948	37.21088887982046
-80.45342014309088	37.2182975465195
-80.4532763	37.2165516
-80.4541663	37.216452399999994
-80.4541663	37.2164524
-80.4541508	37.216392
-80.4540712	37.216109
-80.4542663	37.2160718
-80.454204	37.216002
-80.45416354611191	37.21600953317184
-80.45410627829938	37.2155646268046
-80.4540867	37.2154962
-80.4540377	37.2154159
-80.4539966	37.2153321
-80.45351459999999	37.215422100000005
-80.4536378	37.2161858
-80.45360231677144	37.2164947344747
-80.4543733	37.2163503
-80.4548238	37.2162497
-80.4543733	37.216350299999995
-80.4548713	37.2159653
-80.4549473	37.2159519
-80.4548913	37.2156444
-80.454952	37.2156284
-80.45495408250447	37.215638512161114
-80.45544140000001	37.2154973
-80.45554	37.216027
-80.4554414	37.2154973
-80.4554311	37.2161624
-80.45535290000001	37.2157247
-80.4556273	37.2159796
-80.4558328	37.215701700000004
-80.45590191173879	37.215346056611956
-80.45607608177663	37.21489720547105
-80.4562011	37.2144957
-80.456102	37.214441
-80.45596612078198	37.21487822164768
-80.4553143	37.2152026
-80.4549455	37.2153082
-80.4546895	37.2152817
-80.4546125	37.2153
-80.4546895	37.215281700000006
-80.4546669	37.2153876
-80.4547049054884	37.215448823127005
-80.4544681	37.2149211
-80.4543871	37.2149389
-80.45419659999999	37.2146309
-80.4541535	37.2145264
-80.4541966	37.2146309
-80.4541968	37.2142451
-80.4542272	37.2141553
-80.4543034	37.2141666
-80.4542426	37.2143386
-80.4543197	37.2143466
-80.454297	37.2144289
-80.4548541728321	37.21449522314257
-80.4550598	37.2145197
-80.4549825	37.2143923
-80.45489429732655	37.21431734063578
-80.45558825084645	37.21399587775875
-80.4550991	37.2147199
-80.4556167	37.2146214
-80.4556504	37.2140732
-80.4561538	37.21397279999999
-80.45542186100094	37.214977992429894
-80.45368187597894	37.214042894064335
-80.4542571	37.214067
-80.4542272	37.214155299999994
-80.4539186	37.2139963
-80.4543689	37.2137029
-80.45445	37.2137274
-80.4544443	37.2136382
-80.4543205	37.2135015
-80.45395629790937	37.213704315247654
-80.452562	37.2142507
-80.45212552573929	37.21452578296465
-80.45170263953375	37.21482114455841
-80.45129182632421	37.215133236636106
-80.4521814454001	37.212419322564095
-80.45268937467624	37.21223404090329
-80.45366800000001	37.2117789
-80.45209452953905	37.21197705507557
-80.45128662807481	37.21274416485423
-80.45225674603907	37.21320130716281
-80.4517736	37.213435100000005
-80.45321861628899	37.21297116481791
-80.4536889	37.2127201
-80.45445183856125	37.21338990758825
-80.45469681909249	37.21300243245335
-80.45483840021936	37.212562369524505
-80.45497998134624	37.21212230659568
-80.45526933272271	37.21124421212489
-80.45444429999999	37.213638200000005
-80.45554585089107	37.2138154
-80.45609535425788	37.21371707383514
-80.4545237	37.2137498
-80.45416533879008	37.21423832550589
-80.4536214	37.21412120000001
-80.4545331	37.214906
-80.45481645275935	37.21597495492749
-80.4547944	37.2163223
-80.4547649	37.2163948
-80.45476490000001	37.216394799999996
-80.45504422318295	37.21610391140315
-80.45334631118581	37.21633408392291
-80.45333212438817	37.21587512045171
-80.45324306526659	37.21541766416053
-80.45314756661588	37.21496162150733
-80.4468026	37.224455600000006
-80.4468026	37.2244556
-80.446611	37.2242198
-80.44640725919244	37.22379488611449
-80.4468116	37.2234734
-80.4469228138834	37.22341610035314
-80.4473946	37.2231698
-80.4474965	37.2229902
-80.4473206	37.2226958
-80.4472196	37.222379499999995
-80.4472196	37.2223795
-80.4475817	37.222136600000006
-80.4475817	37.2221366
-80.44765214700092	37.222100216851466
-80.4481254	37.2218558
-80.44812540000001	37.22185579999999
-80.4483138	37.2217628
-80.4484264	37.2217073
-80.4483679	37.2216262
-80.4484317	37.2215968
-80.4485474	37.2215436
-80.4485963	37.2216164
-80.44878326777209	37.2214666605174
-80.44903066085388	37.22104755154878
-80.44939587627026	37.220730377279246
-80.4495986	37.2203217
-80.44959859999999	37.2203217
-80.45015812098951	37.22032288287901
-80.4507593	37.2204372
-80.4508304	37.2204622
-80.4510533	37.2200952
-80.4509407	37.2200482
-80.4515574	37.2179833
-80.4522375	37.2177473
-80.4522304	37.2177888
-80.4522036	37.2179408
-80.45213790000001	37.21836879999999
-80.4523596	37.2177772
-80.4524789	37.2176928
-80.4525666	37.2178316
-80.4527519	37.2177549
-80.45284050000001	37.217645000000005
-80.4525108	37.2178546
-80.4525372	37.2179761
-80.45259250000001	37.2179818
-80.4526539	37.2172569
-80.45280809999998	37.217423
-80.4526839	37.2172015
-80.4525083	37.2171413
-80.4524171	37.2170418
-80.4518697	37.2170192
-80.4518546	37.2171067
-80.4517477	37.217092
-80.45136550000001	37.2170485
-80.4513655	37.2170485
-80.4512833	37.2172415
-80.4517189	37.2172639
-80.4516726	37.2172585
-80.4516836	37.217474200000005
-80.452548	37.2170283
-80.4525766	37.2169466
-80.4526057	37.2168637
-80.4524902	37.2168386
-80.4525966	37.2165382
-80.4525089	37.2165117
-80.452318	37.2163662
-80.4520732	37.2165546
-80.4522531	37.2163034
-80.452341	37.2162484
-80.4524196	37.2161881
-80.4525013	37.2162568
-80.45280490000002	37.216020799999995
-80.45287049999999	37.216080600000005
-80.4528049	37.2160208
-80.45282523382646	37.216004994918755
-80.4523486	37.2161285
-80.4523486	37.216128499999996
-80.4524912	37.2160179
-80.4527064	37.2158509
-80.4529259	37.2156806
-80.4528845	37.215647499999996
-80.4529984	37.2157444
-80.4524699	37.2166179
-80.4525089	37.216511700000005
-80.4524252	37.2166083
-80.4526343	37.2164317
-80.4526653	37.216436
-80.45321169111365	37.21653723247977
-80.4529594	37.2170347
-80.4442977	37.225501
-80.44395836324077	37.22515704907601
-80.4434921	37.224936799999995
-80.4434921	37.2249368
-80.4434561	37.2249118
-80.44345609999999	37.224911799999994
-80.44317663757103	37.224542180179256
-80.44278695321549	37.22368761754387
-80.44258950063829	37.223261481877906
-80.4425512	37.2231789
-80.44309167839266	37.22305176866567
-80.4436321567853	37.22292463733135
-80.4424121	37.2228765
-80.44199491336559	37.22198080430958
-80.44179820736122	37.221558970863725
-80.44160471468595	37.22113564954207
-80.44141167597911	37.22071212162106
-80.44122061198047	37.220287698453454
-80.4421475	37.2229628
-80.4417087	37.2231667
-80.442081	37.2239693
-80.44214649999999	37.224582
-80.4435922	37.2247837
-80.4436746	37.2246953
-80.4439693	37.2244214
-80.4438134	37.2242994
-80.44367700000001	37.2240001
-80.4440132	37.2244522
-80.4441453	37.2245442
-80.444008	37.2246669
-80.4442300558218	37.22432839638321
-80.4451883	37.2247489
-80.44334509725427	37.225053942813005
-80.4428673	37.2252691
-80.4427986	37.2251112
-80.443017	37.2248773
-80.44272446379797	37.22423318204857
-80.44284937510982	37.22545479771875
-80.44234169677071	37.22560227240336
-80.4418965	37.2255566
-80.4418137	37.2254066
-80.44123361856488	37.22467471726309
-80.44233897501817	37.22542556212636
-80.44727525951534	37.224210432425906
-80.44857096663327	37.22187035567088
-80.4494608	37.2223887
-80.4494895	37.2223468
-80.44986578246444	37.222549105965534
-80.4502636	37.222879299999995
-80.4493341	37.2225711
-80.4492968	37.2225558
-80.4492968	37.222555799999995
-80.44889152567247	37.222583788228974
-80.44959375114138	37.22281784275963
-80.449568	37.2203218
-80.44934241932569	37.220322289895776
-80.44877927201924	37.220327246041606
-80.4482165	37.2203499
-80.4482109	37.2201377
-80.4483108	37.2199129
-80.4478661	37.2198616
-80.4479923	37.2197241
-80.44799213196589	37.219665096025956
-80.4479939492456	37.21921326913128
-80.44806048222034	37.218766390742076
-80.44813208074757	37.21832225090243
-80.44813050141428	37.21787172037768
-80.4482121	37.217428
-80.44796131846729	37.217417532917146
-80.4474219	37.217311
-80.44742190000001	37.217310999999995
-80.44693444626246	37.21710843290014
-80.44648174304271	37.21683802621959
-80.44603601908806	37.21655447021913
-80.4457492	37.2163708
-80.4458061	37.2163181
-80.44605168190822	37.21646573156049
-80.4459634	37.2161573
-80.4465648	37.2162791
-80.4466025	37.2162031
-80.4465443	37.2161919
-80.4462589	37.2161367
-80.446062	37.2160987
-80.4458251	37.2159529
-80.4456278	37.2158121
-80.44584725381681	37.21609426381743
-80.44539680891323	37.21672216829765
-80.44574920000001	37.2163708
-80.4453941	37.2167251
-80.44510240000001	37.21687
-80.4451024	37.21687
-80.44516733712915	37.217111860092935
-80.44558051107909	37.21737205245814
-80.4457714	37.2177703
-80.4458714	37.2177953
-80.4458997	37.217701
-80.4459356	37.2177098
-80.44599040000001	37.2176497
-80.4457047	37.2178643
-80.4456103	37.2178092
-80.4452675	37.2180684
-80.4456314	37.2179377
-80.4457147	37.2179968
-80.4457402	37.2180123
-80.44503509999998	37.2166159
-80.4449368	37.2166402
-80.4450351	37.2166159
-80.44493680000001	37.2166402
-80.4450366790547	37.217101539157156
-80.4453103	37.2173331
-80.4448507	37.2163178
-80.4447949	37.216230700000004
-80.4457031	37.216882500000004
-80.4460227	37.2170849
-80.4457031	37.2168825
-80.4460671	37.217113
-80.4461225	37.2171313
-80.4465036	37.2171237
-80.4461268	37.2172254
-80.4461393	37.2172246
-80.44653670000001	37.217318
-80.44627170000001	37.21703970000001
-80.44532847446608	37.216092538904356
-80.44495637134695	37.215752470910026
-80.4474437	37.2172148
-80.44744370000001	37.2172148
-80.4469523399045	37.2170219343886
-80.4482797	37.2174321
-80.4483176	37.2172697
-80.44800069963631	37.21727836290909
-80.44823355024073	37.21695601113189
-80.4480683	37.2165306
-80.4481538	37.2164639
-80.4482493	37.2165586
-80.448679	37.2166209
-80.4490605	37.2167832
-80.448304	37.2163467
-80.4494973	37.2162652
-80.4493881	37.2162293
-80.4493464	37.2162847
-80.44900638443694	37.216557481758464
-80.4487975	37.2164662
-80.4486032	37.2163814
-80.44871164025425	37.216035756811095
-80.4494359	37.2154833
-80.4493481	37.2154219
-80.4492022	37.2155334
-80.448954	37.2157231
-80.44856999999999	37.216016700000004
-80.44857	37.2160167
-80.4483232	37.2162053
-80.44794158622159	37.21605161386031
-80.4479262	37.2160043
-80.447891	37.215904
-80.44793887023526	37.21545027588242
-80.4472753	37.2150658
-80.4471685	37.2153004
-80.4469626	37.2152465
-80.4466355	37.2151609
-80.4473844	37.215360700000005
-80.4481763	37.2156884
-80.4484265	37.2154993
-80.4487888	37.2152256
-80.4489566	37.21509879999999
-80.4475663	37.2158883
-80.4472405	37.2157958
-80.4478536	37.2160602
-80.44787122050803	37.21611004540108
-80.44732102267815	37.21591339984077
-80.44833499278828	37.21569419567842
-80.44874423346738	37.21538467900625
-80.44753313672128	37.21644549030577
-80.4473297	37.2163916
-80.4471563	37.2167632
-80.4468874	37.2166346
-80.4467176	37.216553399999995
-80.4474271	37.2168418
-80.4477562	37.2169357
-80.4480282	37.217013200000004
-80.4471181	37.216845
-80.4473870494902	37.216927982389066
-80.4468777	37.2162638
-80.4468851	37.2161665
-80.4470989	37.216227
-80.44752609999999	37.2163477
-80.4471177	37.2161805
-80.4484748	37.2172415
-80.4484035	37.2174501
-80.4479389	37.2200371
-80.44802490000001	37.220117
-80.4480249	37.220117
-80.44803651751153	37.220685812341976
-80.4477712	37.2200415
-80.44726125553221	37.22007208151249
-80.4482026	37.2197548
-80.4481976	37.2195234
-80.4487121	37.2195143
-80.44874595977909	37.21906287308504
-80.44883122934763	37.21861707132262
-80.44884299889972	37.21816421711972
-80.4489745	37.2177003
-80.44939730428305	37.21740392871922
-80.4491683	37.2195105
-80.4496805	37.219501
-80.45015699999999	37.2194896
-80.45038002661137	37.218150180151774
-80.45060401031752	37.219385284753045
-80.4507212588383	37.21892267491732
-80.45079270098924	37.218449859116895
-80.44971215761556	37.21905103280879
-80.44980211967781	37.21860789126367
-80.44986467814088	37.218159921422426
-80.4480769	37.2195255
-80.4480852304222	37.21990437197264
-80.44808464813023	37.219220229916246
-80.4482876693314	37.21863006970321
-80.44900683313716	37.21989411631061
-80.44822579475573	37.22070201214271
-80.4480949	37.220354799999996
-80.45067706452821	37.219976769174636
-80.45012806331742	37.21988803378635
-80.45129840826796	37.22069092788959
-80.4513797	37.2207851
-80.45141064488841	37.220926442902076
-80.45071773728748	37.221590591080044
-80.45045917731164	37.222016781311154
-80.45022479702993	37.222457073418866
-80.44984957650954	37.22241033296197
-80.45177608088333	37.22064278972754
-80.45047512028482	37.220824575438506
-80.45007688381017	37.2211057354983
-80.44976343642114	37.22147542961374
-80.44953009725914	37.22190380318515
-80.44895855646213	37.22196030085337
-80.4482614	37.221478399999995
-80.44775809999999	37.2223612
-80.4472172453168	37.222746529702256
-80.44673709999999	37.222982200000004
-80.44777084836791	37.22285770344485
-80.4482531	37.2226248
-80.44769457985609	37.2235393977294
-80.44800129999999	37.2239173
-80.44681159999999	37.2234734
-80.44649385330193	37.22310137003306
-80.4460579	37.2244844
-80.4511754	37.2176433
-80.45096509999999	37.217092799999996
-80.4509651	37.2170928
-80.45300890994476	37.21508443693729
-80.45271810243246	37.215439151886095
-80.4529212	37.2148577
-80.45234345973219	37.214144501622826
-80.45223641264022	37.213743315475966
-80.45178261847269	37.213517976542775
-80.45077555368546	37.213261029910186
-80.4499776	37.2132778
-80.449735	37.2137472
-80.44932482962783	37.21395208176892
-80.44884137661711	37.21418474762315
-80.4483498	37.2143913
-80.44786626029324	37.21418027522568
-80.4473477	37.2138942
-80.4469365	37.2142572
-80.4468963	37.2142949
-80.4466433	37.2145689
-80.4464774	37.214771500000005
-80.4461105	37.215067
-80.4456646	37.215358
-80.44580106713688	37.215450314511706
-80.4467796	37.215838
-80.4468402	37.2157576
-80.446762	37.2157416
-80.4464669	37.2156814
-80.4462624	37.2156397
-80.4464444	37.2153039
-80.4460223	37.2154801
-80.4458838	37.2153843
-80.44551462854292	37.215489112807376
-80.4451513	37.2158349
-80.444737	37.2153534
-80.4445207	37.214953799999996
-80.44438554489722	37.21451897607334
-80.4443228	37.2142085
-80.44482227248723	37.214024135929755
-80.4450399	37.2139103
-80.44529948082163	37.21406343502417
-80.44581540000001	37.2142225
-80.44503990000001	37.213910299999995
-80.4455043	37.2136705
-80.44586747691515	37.21344713824259
-80.44621091001467	37.21308565905342
-80.4465031	37.2126892
-80.4464679	37.212957200000005
-80.44570558449985	37.21376365305896
-80.4462285	37.2139214
-80.4463168	37.2138659
-80.4461566	37.2138157
-80.4462368	37.214032
-80.4459928	37.2139561
-80.4449615	37.2138408
-80.44449185160744	37.214084720221294
-80.4452461	37.2136908
-80.4456368	37.2134849
-80.44594239761781	37.213210649207504
-80.446283	37.212847
-80.44378216302991	37.214296040501
-80.4443228	37.214208500000005
-80.4433173	37.2145108
-80.44301999999999	37.2141681
-80.4434857762688	37.21391472160342
-80.44302	37.2141681
-80.4434985	37.2139078
-80.4434201	37.213838
-80.44342009999998	37.213838
-80.4432504	37.2139296
-80.4428874	37.2141255
-80.44262409999999	37.2142677
-80.4426241	37.2142677
-80.4423534	37.2139504
-80.44270930538364	37.2138131946468
-80.4437796	37.2159127
-80.44427968255306	37.215704311914976
-80.4444957	37.215629
-80.4443668	37.2154085
-80.4441626	37.215004
-80.4435683	37.2138617
-80.4437412	37.2142028
-80.4435585	37.2142928
-80.443386	37.2143778
-80.4433406	37.2135778
-80.4434198	37.213518
-80.4435456	37.213671000000005
-80.4435456	37.213671
-80.443695	37.2137205
-80.44384954934641	37.21368530707713
-80.4438358	37.213249700000006
-80.44410509806414	37.21373292483214
-80.44331729999999	37.21451079999999
-80.44358004958	37.21490931398113
-80.4438201	37.2152734
-80.443717	37.2153021
-80.4436428	37.2151944
-80.4434095	37.2148404
-80.4431357	37.2144634
-80.4429807	37.21429439999999
-80.4429807	37.2142944
-80.4428181	37.2143811
-80.44507710390334	37.214978455311424
-80.4453568	37.2150122
-80.4454648	37.2150858
-80.4455594	37.2151503
-80.44548536283244	37.215210336953604
-80.4452102	37.2153224
-80.44518790000001	37.2153046
-80.4456618	37.2149614
-80.4453066	37.2149136
-80.4451388	37.2148928
-80.445143	37.2148626
-80.44480659999999	37.21485139999999
-80.4455087	37.2147025
-80.4453568	37.215012200000004
-80.445582	37.2145531
-80.44571146764933	37.21459406376924
-80.4462234	37.2147836
-80.44625450000001	37.214704600000005
-80.4462545	37.2147046
-80.4461277	37.2146581
-80.4458177	37.2145444
-80.4453483	37.2144337
-80.4450046	37.2143965
-80.44460720000001	37.2143534
-80.4450091	37.214364
-80.4451465535157	37.21449949286541
-80.44458859999999	37.214439399999996
-80.4445021	37.2154342
-80.44439926337455	37.21523637187061
-80.44419962225331	37.214784223814725
-80.4437498	37.2147646
-80.4437324	37.2146776
-80.4440032	37.2146314
-80.443995	37.2146001
-80.44454681583899	37.21552576100361
-80.44484440000001	37.2159041
-80.44662737901649	37.21526338367347
-80.4464774	37.2147715
-80.44647191081742	37.21476912518897
-80.44738472961122	37.214529879465545
-80.4476462	37.21469
-80.4476069	37.2147504
-80.4474978	37.2147005
-80.4472646	37.2150622
-80.4473335	37.214600700000005
-80.4476873	37.2147871
-80.4479249	37.2148594
-80.4482464	37.2149572
-80.4484857	37.21503
-80.4479006	37.214904499999996
-80.44817213746167	37.21485137087731
-80.4473289	37.2137843
-80.4474404	37.2136247
-80.44762390000001	37.2132904
-80.4476239	37.2132904
-80.447705	37.213023
-80.44745464005341	37.21280155847961
-80.44724396526459	37.213201525058
-80.4470961	37.213332
-80.446913	37.2132925
-80.446948	37.213151
-80.4469871	37.2128779
-80.44702679999999	37.2126005
-80.4468429	37.2134787
-80.446743	37.2137439
-80.44674300000001	37.213743900000004
-80.44698119034923	37.213856399139935
-80.4476612	37.2135319
-80.44734770000001	37.213894200000006
-80.44779992875002	37.213094449504105
-80.44794940000001	37.212661
-80.4479847	37.2125743
-80.4479494	37.212661
-80.44896828078652	37.212870953379415
-80.4484455471848	37.2127132940477
-80.44758103272629	37.21245093834939
-80.447051	37.2123024
-80.446964	37.2123424
-80.4464875	37.212583
-80.44642474000233	37.2124956841255
-80.44614399999999	37.2121051
-80.446144	37.2121051
-80.44565044083754	37.212329110900434
-80.44515616047168	37.21255149283788
-80.444645984866	37.21273421224268
-80.4443322	37.2128375
-80.4443199	37.2127411
-80.4447411	37.2125969
-80.4450328	37.2124971
-80.4450105	37.2124575
-80.4452711	37.2123928
-80.4455009	37.2122898
-80.44527109999999	37.212392799999996
-80.44577679999999	37.2121662
-80.4458322	37.2118618
-80.4456097	37.2116872
-80.44517555339964	37.21165282343412
-80.4445143	37.2123344
-80.4446059409782	37.212333988685025
-80.4441820974818	37.213211272558034
-80.44431501480447	37.21299883958747
-80.44583589358274	37.211703819329216
-80.44498234454691	37.21169788878865
-80.446952	37.2123613
-80.44688036385625	37.21281548382416
-80.44679710310494	37.213270554193286
-80.44663920867583	37.21370597063461
-80.44471447133789	37.2116366989156
-80.4482902	37.212763
-80.4485793	37.2128491
-80.4487926	37.2129127
-80.4490075	37.212977
-80.4486436	37.2131909
-80.4490534	37.2133613
-80.4491902	37.2133599
-80.4483603	37.2132952
-80.4483603	37.213295200000005
-80.4482696	37.2135316
-80.4482129145233	37.21361473329558
-80.4483433	37.2142869
-80.4486744	37.2141674
-80.4489064	37.2140567
-80.44965490000001	37.2136755
-80.4480185	37.2141448
-80.4477306	37.213992499999996
-80.4477306	37.2139925
-80.44759	37.2139181
-80.44833364123905	37.21394976243165
-80.4485769	37.2136534
-80.4491152	37.2135353
-80.448175	37.2216802
-80.4482246	37.2216553
-80.4482614	37.2214784
-80.4483224	37.2214492
-80.4480949	37.2203548
-80.4489401717867	37.21702636345003
-80.44935770873349	37.21672994045678
-80.4496876	37.216339
-80.45002733454467	37.21664075180497
-80.44968759999999	37.216339000000005
-80.4495307	37.2161617
-80.44994685120155	37.215868047701065
-80.4500602	37.2153178
-80.4501346	37.215259
-80.4505113	37.2149614
-80.4507065	37.2148078
-80.4499899	37.214719
-80.4500907	37.2147983
-80.4507868	37.2147247
-80.4505671	37.2146547
-80.4502243	37.2146265
-80.4499786	37.2146063
-80.4499646	37.2146499
-80.4498202	37.21468
-80.4507868	37.214724700000005
-80.450972	37.2143158
-80.45151296175875	37.214441440190065
-80.45041423477305	37.214255987326986
-80.4500083	37.2142376
-80.44978181511858	37.214344416599644
-80.4492991	37.2145769
-80.4492121	37.2145075
-80.4499865	37.214147
-80.449737	37.214257399999994
-80.4503247	37.2141673
-80.4506705	37.214195
-80.4512868	37.2142961
-80.4516139	37.2143785
-80.451854	37.2144389
-80.4511202	37.2148302
-80.45061160090016	37.215044555447136
-80.4510027	37.21536879999999
-80.45058726775804	37.215671925725886
-80.4514001784563	37.21568805723438
-80.4514201	37.2157039
-80.4514973	37.2157653
-80.4514188	37.2158305
-80.4512521	37.2159532
-80.450859	37.2162256
-80.451575	37.2157007
-80.451575	37.215700700000006
-80.4517354	37.2155676
-80.4519735	37.2154092
-80.4517354	37.21556760000001
-80.45230440000002	37.215266
-80.45143280054819	37.21569359266955
-80.4518282	37.2153727
-80.4517702	37.2152978
-80.4518622	37.2152571
-80.4517702	37.215297799999995
-80.45228759999999	37.2150686
-80.4516726	37.2153575
-80.45232099523416	37.21517439655502
-80.4524509	37.2150518
-80.4520037	37.2148162
-80.4520527	37.2147353
-80.4523026	37.2148655
-80.45142009999999	37.2157039
-80.45099233300364	37.21599704011201
-80.4506769	37.2162132
-80.45028750826886	37.21651939824555
-80.4506086	37.2161525
-80.4505185	37.2162139
-80.4506947	37.2160937
-80.4508376	37.2159961
-80.4510707	37.215837
-80.4508027	37.2159646
-80.4505021	37.215912100000004
-80.4500403	37.2151812
-80.45038603266646	37.214835912661364
-80.4502109	37.2153205
-80.45000001776114	37.215268671959926
-80.4496041	37.2149483
-80.4495148	37.2150189
-80.4494329	37.214952
-80.4492364	37.2147915
-80.4489963	37.2145953
-80.4489482	37.214629200000005
-80.4495934	37.2150831
-80.4497788	37.2152346
-80.45017557663039	37.21555880381081
-80.44939079999999	37.215238799999995
-80.44946140179809	37.21567245443051
-80.44898508732466	37.215000066824544
-80.4485941	37.2146812
-80.4484634	37.2148232
-80.4481085	37.2147166
-80.44810849999999	37.2147166
-80.44760128590363	37.21453253907725
-80.4475394	37.2144958
-80.4472935	37.214349799999994
-80.4471502	37.21426470000001
-80.4472935	37.2143498
-80.44975474601019	37.21627566282113
-80.4536524	37.2186078
-80.45329157250838	37.218845225843744
-80.4529405220173	37.21918236562926
-80.45267234660123	37.2195879239805
-80.45424047351274	37.21782121258572
-80.453974	37.2175103
-80.4539219	37.217316
-80.4538733	37.2171345
-80.4538249	37.2169539
-80.45378861235821	37.21676578077776
-80.45475040000001	37.2184151
-80.45427704623654	37.218321393118146
-80.4554515374026	37.217676094490024
-80.45595432118735	37.21746482168496
-80.45344309251212	37.21891394547832
-80.4542918826328	37.218465467717095
-80.45310595218167	37.219258821560686
-80.45268189236417	37.22009978200876
-80.45235884991341	37.22100441687117
-80.45211055216569	37.22141820582835
-80.45180409542813	37.22179227454919
-80.45148607036234	37.22215666874745
-80.4511227	37.2224658
-80.4510415	37.2224489
-80.45135370172908	37.222088746926886
-80.45166590345816	37.22172859385379
-80.45224165906595	37.22097209472758
-80.45241752823861	37.22053060897219
-80.45092790016746	37.2225799234737
-80.4505745	37.2229267
-80.45077841234395	37.22282697660358
-80.4504226	37.2230263
-80.45036478124682	37.223063404484776
-80.44988879581966	37.22330523241271
-80.4489211974015	37.223759522384476
-80.4484404537221	37.22399299478203
-80.44796281579151	37.22423289495472
-80.44748578276966	37.22447399588084
-80.4470085	37.2247146
-80.4468604920605	37.22478909878203
-80.44638304695293	37.225031705801676
-80.44589509999999	37.225250700000004
-80.4456899	37.225312100000004
-80.4458951	37.2252507
-80.4456899	37.2253121
-80.44442869587412	37.22579171653821
-80.44446152780473	37.22624266829517
-80.4444174	37.2266931
-80.44375615523774	37.225620534010034
-80.44321415455893	37.22573787651004
-80.44458416315025	37.225434763398155
-80.44512825589364	37.22531965835236
-80.44253216501289	37.22602877131319
-80.4420071	37.226198700000005
-80.44574791860539	37.22541022577299
-80.4460099	37.2258073
-80.44638501572065	37.22563176157777
-80.4468704	37.2254028
-80.446619	37.22518170000001
-80.44556755587253	37.22497843867367
-80.445364880771	37.224545008805855
-80.44526774609672	37.22409236370984
-80.44594079999999	37.223430799999996
-80.4459408	37.2234308
-80.4462382	37.2232184
-80.44563393688532	37.223216250038384
-80.44527091633522	37.22287880309803
-80.44534879524267	37.222441327288635
-80.4458407	37.222313
-80.44708287525418	37.224751571733755
-80.45040909999999	37.2227862
-80.45141590209573	37.22173991949079
-80.45173467759271	37.22136803165907
-80.45203353844137	37.22098148532526
-80.4522254924522	37.22053259395682
-80.45221152932814	37.22008737534088
-80.45183220657614	37.21918651825183
-80.45220610544473	37.21887010394601
-80.4524354	37.2185282
-80.4421009	37.2260365
-80.44214308997314	37.2260248024685
-80.4559686795485	37.21379855979568
-80.4554171038628	37.21387956185825
-80.4568782	37.2167578
-80.4566902	37.216496299999996