-80.43105160275087	37.236309744655536
-80.43634517477804	37.23742137759578
-80.43635466830531	37.23742386323583
-80.43636387248333	37.23742726743524
-80.43637269867082	37.2374315574097
-80.43638106186678	37.23743669184442
-80.43638888152906	37.237442621292
-80.43639608235003	37.237449288648584
-80.43640259498184	37.237456629703914
-80.43640835670432	37.2374645737596
-80.43641331202889	37.23747304431005
-80.4364174132331	37.237481959779224
-80.43642062082009	37.23749123430629
-80.43642290389906	37.237500778572475
-80.4364242404827	37.23751050066128
-80.43642461769898	37.23752030694367
-80.4364240319151	37.237530102979804
-80.43642248877248	37.23753979442848
-80.43531290329207	37.24282361649616
-80.43531041765202	37.24283311002343
-80.43530701345261	37.24284231420145
-80.43530272347815	37.24285114038894
-80.43529758904343	37.242859503584896
-80.43529165959586	37.242867323247175
-80.43528499223926	37.24287452406814
-80.43527765118394	37.24288103669996
-80.43526970712826	37.24288679842243
-80.4352612365778	37.24289175374701
-80.43525232110863	37.242895854951215
-80.43524304658156	37.24289906253821
-80.43523350231538	37.24290134561717
-80.43522378022658	37.24290268220081
-80.43521397394419	37.24290305941709
-80.43520417790806	37.24290247363321
-80.43519448645938	37.24290093049059
-80.42990091443221	37.24178929755034
-80.42989142090494	37.24178681191029
-80.42988221672692	37.241783407710884
-80.42987339053943	37.24177911773642
-80.42986502734347	37.2417739833017
-80.4298572076812	37.24176805385412
-80.42985000686022	37.24176138649754
-80.42984349422841	37.24175404544221
-80.42983773250593	37.24174610138652
-80.42983277718136	37.24173763083607
-80.42982867597715	37.2417287153669
-80.42982546839016	37.24171944083983
-80.4298231853112	37.241709896573646
-80.42982184872756	37.24170017448484
-80.42982147151127	37.24169036820245
-80.42982205729515	37.24168057216632
-80.42982360043777	37.24167088071764
-80.43093318591818	37.23638705864997
-80.43093567155823	37.236377565122694
-80.43093907575764	37.23636836094468
-80.4309433657321	37.236359534757185
-80.43094850016682	37.23635117156123
-80.43095442961439	37.23634335189895
-80.43096109697099	37.236336151077985
-80.43096843802631	37.236329638446165
-80.430976382082	37.236323876723695
-80.43098485263245	37.23631892139912
-80.43099376810162	37.23631482019491
-80.43100304262869	37.23631161260792
-80.43101258689487	37.23630932952896
-80.43102230898367	37.23630799294532
-80.43103211526606	37.23630761572904
-80.43104191130219	37.23630820151292
-80.4352479	37.2410033
-80.43563870086463	37.24022983767377
-80.4351966	37.2410801
-80.4351331	37.2410518
-80.43498690000001	37.241211799999995
-80.4348816	37.241401
-80.4349869	37.2412118
-80.434787	37.2415575
-80.4346632	37.2417301
-80.4345314	37.2418715
-80.4341166	37.2420399
-80.4341504	37.2418612
-80.43412207237309	37.24201096766059
-80.434031	37.2418101
-80.4331656	37.2422215
-80.4330506	37.2422435
-80.4330684	37.2423041
-80.4330804	37.2423034
-80.4330966	37.2423582
-80.4335301	37.2422748
-80.4335999	37.2422616
-80.4336391	37.2424007
-80.4335999	37.242261600000006
-80.43458447611201	37.24199211368485
-80.43294811658778	37.24189483145102
-80.4328957	37.2417165
-80.4328688	37.2416249
-80.4327865	37.2413451
-80.4326685	37.2409437
-80.4321241	37.2410518
-80.4323944	37.2418084
-80.4347057	37.2415263
-80.4352591	37.241108
-80.43529808515726	37.24104527680789
-80.4359618	37.239247
-80.4358476	37.2392145
-80.4356823	37.2391736
-80.4357167	37.2389211
-80.4356137	37.2385682
-80.4354057	37.2382
-80.4353416	37.2382224
-80.4351578	37.2378882
-80.4349365	37.237462
-80.434867	37.2374861
-80.4350107	37.2374542
-80.4350531	37.2374498
-80.4352163	37.2373864
-80.434872	37.2375602
-80.4345819171887	37.23766062095945
-80.4340661	37.2378423
-80.4340116	37.2377912
-80.43435185052047	37.2376680167883
-80.43352418356884	37.23796073283094
-80.4342228802729	37.23797165862822
-80.4345132	37.2382112
-80.43463254672922	37.23834613795592
-80.43502180374347	37.239250363467285
-80.43475494445623	37.23967636882978
-80.43344803349879	37.24031341350343
-80.43357452646444	37.24025175538544
-80.4329445	37.2402808
-80.43282388793514	37.24026939722165
-80.43294449999999	37.240280799999994
-80.43244663207749	37.23954681261272
-80.43409651137888	37.23853302495967
-80.43363787260762	37.2387884975335
-80.4356264	37.2381231
-80.4355573	37.23800670000001
-80.4355503	37.2385898
-80.4356108	37.2393458
-80.435537	37.2395419
-80.4356848	37.2395653
-80.4357909	37.2374847
-80.4357406	37.2373966
-80.4360492	37.2379757
-80.435991	37.2378542
-80.4359793	37.2377518
-80.435949	37.2376844
-80.43206612934155	37.23848442971961
-80.43109900096569	37.238842829762994
-80.43091704314892	37.23980647900723
-80.4307427	37.2401753
-80.430774	37.2401905
-80.43126056164644	37.24043910934042
-80.4317787867896	37.24047747231636
-80.43096093205257	37.2398325947141
-80.43025826681298	37.240375680407375
-80.43217779090938	37.2373602489063
-80.4316985100918	37.237560333714704
-80.43120697531641	37.23773592273662
-80.4310834	37.241296
-80.43094890524051	37.24148791211618
-80.43055154875151	37.24127420201646
-80.4305393	37.2412737
-80.4304065	37.2412975
-80.4299917	37.2413721
-80.430061	37.2416006
-80.43007426485259	37.24165056476244
-80.43003055244341	37.24117196414382
-80.4348918941423	37.24238388934803
-80.43545872559355	37.24162648467444
-80.43558752128911	37.241029307129104
-80.43532015610805	37.24141773941738
-80.435052790927	37.241806171705655
-80.43478423326457	37.24219367975976
-80.43447477443308	37.242549487312004
-80.43413551564079	37.24202452353809
-80.43402409988991	37.24191217449433
-80.4338767835082	37.24195947937527
-80.43367375925105	37.241860927506465
-80.43364652428971	37.24186585510297
-80.43354129830277	37.24194371108493
-80.4332417137282	37.24185797094842
-80.43289632490048	37.24190133378828
-80.43288889718377	37.241843188156416
-80.43492099668445	37.24120259771738
-80.43479472550013	37.24110995803405
-80.4348077240044	37.241086798095424
-80.43462141210988	37.240990216147
-80.43441529297075	37.24112227714743
-80.43436329895367	37.24110059550654
-80.43393496728922	37.24101978206273
-80.43383593106623	37.241121291618455
-80.43335189152631	37.241310512949596
-80.43326275892564	37.241328252425035
-80.43318848175836	37.24142779051535
-80.43539234720866	37.24010618990916
-80.43452578025743	37.240329907673896
-80.4345171145879	37.24033286429189
-80.43366540307012	37.240548697092315
-80.43363074039208	37.24055461031103
-80.43345247519065	37.239594198957725
-80.43349889842018	37.23954590704269
-80.43354965448448	37.23952570327314
-80.43383685953117	37.2393690006815
-80.4338814258315	37.239340419670555
-80.43440260395504	37.239018143383134
-80.43437784489929	37.23900434559083
-80.43350013637297	37.2395109200237
-80.43315660447443	37.23910437952778
-80.43312379872557	37.23906840674801
-80.43279326533131	37.23881413291102
-80.43271527430569	37.238622934189536
-80.432725177928	37.23858154058802
-80.43276603036999	37.238552959278486
-80.43304828360553	37.2383696444148
-80.43354098881495	37.2382119538528
-80.4335867930681	37.23818485075422
-80.43411292300279	37.23798970815688
-80.43471333010471	37.23789115109753
-80.43485321876969	37.23783595908801
-80.43490273688118	37.23781329092955
-80.43506614664916	37.23781329092955
-80.43532364082895	37.23849530384522
-80.43534221012077	37.23853472636846
-80.43545238791884	37.23882546684061
-80.43543381862703	37.23915661394456
-80.43363012141562	37.24055510307921
-80.43330082597414	37.24062803273803
-80.4332946362102	37.24063000380892
-80.43234636437501	37.240624090596114
-80.43234760232777	37.240622119525085
-80.43236121980844	37.24050089855736
-80.43235998185567	37.24014708990252
-80.43219162027657	37.24005346337892
-80.432090108148	37.239726262404105
-80.43206534909226	37.23971000087281
-80.43170324790191	37.23981446883082
-80.43162278097074	37.23961243161146
-80.43167972679898	37.23895112551114
-80.43173295876885	37.238873266438
-80.43234698335148	37.24062359782839
-80.43177752506922	37.24088574981845
-80.43177628711645	37.24089166301071
-80.43176390758858	37.24106708750364
-80.43179361845546	37.24127207740504
-80.43183570885023	37.24131544058197
-80.43177752506921	37.240885749818446
-80.43132072049063	37.24091728683851
-80.43091343402355	37.24076748587566
-80.43091219607079	37.240766500342026
-80.43052843070667	37.24091433024344
-80.43054328614012	37.24098528849314
-80.43053152558868	37.24102668077459
-80.43056618826674	37.24112424820527
-80.43054761897491	37.241314455055495
-80.43052533582475	37.24133416558247
-80.43050800448572	37.2416160255544